-541
112
-475
-194
83
485
160
835
94
558
-693
-725
-83
299
-302
-738
437
948
323
613
501
-4
138
142
-61
838
-454
192
-92
-525
minus seven
-623
-238
669
-110
-866
-47
601
852
-664
-473
-192
635
-966
488
two
-569
-895
814
737
-309
587
130
-983
603
25
535
-673
31
-633
902
-993
-69
-302
-464
341
-382
168
-419
-966
726
-879
727
-727
524
823
609
315
56
956
561
491
780
927
-42
-900
-865
501
784
-825
529
-711
-59
-209
-270
-740
599
-531
967
-147
472
607
-268
25
evil matching
996
380
-245
-783
-171
-193
311
849
-626
402
386
264
207
578
92
-989
-84
725
-384
-519
-493
3
912
842
841
-817
497
197
432
757
-67
-275
-285
77
-608
-668
-598
832
301
714
-527
482
-543
789
453
971
-130
349
145
588
541
551
-631
371
-831
925
-906
728
-916
-559
-383
-407
-337
744
926
-98
-193
-920
-51
-598
-908
-125
733
-704
675
-533
-295
-107
-440
-267
81
65
202
-379
-846
-617
351
548
861
saturn
-986
-420
384
99
768
585
701
693
-889
469
-398
313
-17
801
nine
-139
-626
-691
-530
-89
-358
228
179
-551
252
323
-150
14
-976
-617
-916
-401
233
-472
717
272
675
-859
-457
281
-292
629
644
278
-805
-393
-982
-704
-214
-47
377
975
-718
461
-736
-824
-983
202
561
-558
254
593
-73
-478
827
773
257
812
420
478
-314
328
-428
921
-435
446
-474
90
-516
-721
-800
71
356
-890
270
574
-201
-785
430
-382
169
370
-784
-739
185
-433
-851
-601
-922
395
656
-583
869
-60
439
-151
-707
860
-766
-234
-782
-640
-471
-13
-173
69
349
-950
232
629
664
277
810
-977
-186
-424
680
-43
254
-628
883
677
-74
eleven
563
-726
-616
-660
452
-203
308
821
iiiiiiiiiiiiiiiiiiiiiiiiiiiii
-800
-622
709
-342
-174
79
330
786
277
-245
555
323
-197
595
-155
552
-84
759
-325
820
-485
117
-982
851
-923
-44
259
753
513
286
-238
-41
-676
-26
-309
615
-194
722
-251
-881
293
572
-532
-831
-772
895
850
ekans
783
127
-712
-337
696
306
851
-453
-563
-841
948
-110
-836
thirty-two
-315
666
treinta y cuatro
-975
824
318
642
-315
-436
-688
603
942
-745
164
842
di-di-di-di-dah dah-dah-dah-dah-dit
433
-271
178
767
-487
470
-185
-75
563
-394
462
-710
-80
-382
-696
252
-978
412
489
961
-675
389
212
755
-83
-351
684
339
-401
-756
973
-803
33
-248
one-one-zero-one-one-one
902
637
-187
-963
-548
-201
710
305
503
554
714
-881
293
-205
40
518
373
839
293
neves-ytfif
768
226
-329
-314
443
734
405
-650
-752
398
82
-853
-507
310
263
766
904
-290
40
666
-301
35
961
628
-416
-191
-423
822
-968
-483
-153
439
-613
-560
-340
467
-825
20
444
902
-214
1000
223
992
318
665
905
-528
-633
-168
689
500
915
558
-277
-501
727
-570
494
319
-957
-911
645
353
-412
-848
-960
699
729
-131
-729
75
-768
-939
40
-907
-637
-413
-699
133
682
-719
-949
676
235
345
469
61
39
-17
-942
162
-184
987
-197
121
962
-795
-62
-94
539
-207
786
-735
abcdefghijklmnopqrstuxyzwv
-911
-1000
882
-431
-957
51x7y-n1n3
-71
233
-112
-434
-679
-912
234
35
-366
437
-241
706
230
513
399
913
960
491
453
497
118
-442
-231
dreiundsiebzig
492
85
417
568
734
-734
-404
-641
549
-676
165
-347
-335
361
236
931
90
212
973
186
576
-491
-770
352
187
-626
11
-872
912
-544
619
431
-485
-229
421
750
-478
-717
-315
645
-132
781
-840
555
-45
-667
511
-605
964
-931
-763
496
-251
-374
-30
306
847
717
667
194
-605
-692
-152
931
-460
754
-510
-349
-416
-770
-339
-494
736
187
-392
137
21
-534
-181
-762
511
694
-646
-646
-708
606
677
-424
450
929
700
-382
625
704
39
803
47
665
-45
896
-841
759
-272
-196
654
792
355
187
52
-21
947
-804
393
952
-7
-291
-980
-456
-642
-75
638
-965
-317
85
228
382
518
725
-447
-629
-805
813
105
-37
706
-854
-840
450
-481
-865
713
-966
-347
697
-450
867
-294
-40
594
-612
367
756
-726
485
-146
654
-305
354
4
668
-768
856
-672
-694
-706
-223
229
-698
295
853
-36
-729
-249
-437
790
-134
-120
-40
537
-757
517
-394
109
363
809
666
-722
546
119
-659
455
-513
928
-344
-731
-591
476
646
37
660
339
175
-181
761
-613
961
-135
290
451
371
959
-380
909
-311
-169
347
231
344
-200
102
-238
700
67
976
-952
795
-318
-889
-763
92
-294
-648
-482
100
-644
176
-621
-699
soixante-quatorze
-22
964
-263
-854
730
124
-386
707
-789
-630
311
-282
-213
899
883
-389
147
0
448
-140
-483
816
313
123
580
368
-922
671
-349
588
-561
-492
lxxviii
888
470
769
184
427
-468
-923
821
-295
661
-611
205
gold
-987
-312
-9
-963
-738
328
-50
874
-376
116
618
915
682
-337
-981
-775
-340
-959
-891
643
-743
517
-405
141
-90
477
-694
-594
-478
173
-506
688
869
919
-521
464
646
500
484
-426
osemdesiatdevat
-990
-523
-1
420
67
177
548
829
708
-50
-135
-78
-50
865
-381
-616
-954
-497
-140
680
-928
-398
278
-851
735
-272
70
-777
628
568
641
991
-629
-712
974
-729
-619
-221
-582
758
584
-692
692
788
733
123
-136
-384
163
580
987
-705
839
140
559
966
382
353
919
949
-948
-419
741
-849
216
154
-304
126
