77

-835 3060620

-14 11925490

-16 3

-392380 15045159

0 6430357

1387 397487

-151620 0

-654466 145560403

-1 2

0 37312144

115 3398

-1 170

-84817 120126

332243 329

24 6712

-18851 212199843

-112 0

75914 3522

-3 10490833

55120 186

15 122

171 3

39801 58

480 188

-5 17876160

0 127

421 5997613

-1730 194664

698 6643254

-374 1

2 524247

-1 8071498

-460 862

677 710075405

4571 2494

-44909 1287316

-22707 18072253

-337227 5790

69824 283

-207624 12

0 20

1898 0

-2144 480153

2 42084

75450 50775399

0 57938

5484 3

-188 12

-3123 505697

-85006 474920

-450931 1577

96 6104184

-5 773284725

-13 35353545

-5460 170483051

-419 158938679

-182030 839302208

-44656 2654195

1 233

-8284 2770

-1 137

4 2186

1307 56

431 167

-263 39

202 407535345

-1 0

-2 673

-5 15112

-1327 44

47436 142119388

21670 9854

31 38060999

1011 180686453

330298 8

0 26633390

-4500 807
