20
12 42
1 3 67
3 10 76
6 12 93
6 12 19
1 9 91
4 9 31
2 12 88
1 2 92
1 4 95
2 9 28
2 8 61
1 8 1
1 2 96
1 2 54
10 12 18
3 5 82
5 12 91
1 10 11
9 10 75
8 9 60
4 6 91
2 4 92
1 3 86
3 12 81
4 8 81
2 4 3
4 6 36
6 7 91
3 10 48
2 9 45
4 6 22
1 4 65
2 11 15
2 9 3
2 11 26
6 7 71
4 8 8
7 10 10
7 8 39
3 11 95
9 12 6
1 11 64
100 100
52 94 33
60 88 44
90 96 60
54 61 89
29 37 55
6 33 82
76 98 85
62 69 17
25 32 13
8 23 11
29 50 59
29 50 76
75 89 86
88 100 1
58 66 1
24 38 36
34 42 36
81 99 20
9 10 57
72 81 16
76 79 3
20 39 86
27 34 56
10 30 52
64 73 58
9 16 96
70 88 31
82 86 84
76 90 88
54 68 81
14 46 27
35 50 28
52 61 39
43 45 83
63 95 73
76 87 98
58 86 56
84 85 69
12 45 90
6 23 50
58 69 20
12 21 65
58 97 65
21 33 4
26 29 78
12 21 48
66 81 39
6 34 77
66 85 5
29 32 27
8 13 56
83 90 61
15 46 39
1 17 43
24 44 56
85 94 83
51 96 47
7 46 57
76 97 68
13 31 86
6 44 79
71 95 77
14 34 72
61 87 41
44 46 94
59 72 30
8 40 48
64 82 55
21 30 76
34 40 18
19 27 3
61 67 91
43 46 99
59 86 8
22 40 49
3 39 22
62 89 79
80 97 3
55 60 57
26 43 50
22 44 34
70 90 28
77 93 42
84 96 30
81 84 97
53 73 73
27 38 4
65 86 37
35 47 76
4 13 32
1 26 56
13 44 79
90 98 59
32 33 59
92 98 6
51 53 25
66 100 66
18 42 65
54 92 10
45 50 68
6 2
1 3 1
3 6 1
100 91
31 83 1
64 85 3
57 78 96
33 75 41
47 72 61
3 78 91
18 62 59
52 91 59
21 75 51
11 69 37
5 35 90
43 64 4
15 26 29
37 90 83
2 9 3
15 83 73
41 56 16
39 84 65
9 95 5
78 82 48
87 92 67
58 98 97
5 16 13
9 62 83
76 83 26
77 94 51
32 86 53
23 47 73
9 93 19
56 70 32
28 46 28
11 20 22
75 76 32
25 44 91
60 77 4
42 59 98
44 67 56
56 82 4
25 29 85
12 88 80
29 89 32
11 48 73
52 59 72
6 90 93
60 67 38
15 29 86
9 11 4
3 62 55
18 31 17
1 38 17
30 69 39
36 77 5
23 30 26
13 71 43
50 97 66
46 55 27
47 93 81
17 67 27
54 87 58
50 53 46
22 48 36
30 82 39
33 40 60
19 71 45
46 59 52
3 68 47
14 72 92
12 51 23
65 95 75
37 100 73
7 35 21
61 72 87
3 32 31
73 94 8
60 78 30
10 59 30
37 81 75
20 66 85
23 97 21
48 88 12
8 54 44
53 72 21
67 100 15
27 42 40
5 57 27
46 67 58
16 50 21
7 9 9
69 78 97
53 59 64
80 91 70
84 25
2 29 26
46 75 59
31 59 78
30 58 59
45 61 76
14 32 19
17 66 84
14 67 93
53 74 68
3 27 90
47 58 19
50 62 69
53 54 80
29 46 63
11 53 68
14 52 37
35 48 19
14 66 38
7 12 49
46 76 41
50 84 79
31 38 68
1 54 4
47 81 8
38 81 8
50 83
31 37 100
2 45 1
5 32 49
37 50 30
27 38 7
21 25 29
15 47 92
3 37 21
26 49 57
2 8 63
21 23 57
33 49 23
12 34 6
32 33 72
8 32 82
10 20 26
8 26 81
8 12 55
19 21 77
40 44 31
19 48 45
16 23 87
11 36 8
3 26 60
12 43 31
23 42 41
19 29 84
32 45 72
16 18 88
24 39 99
24 43 43
1 43 79
14 29 64
4 16 89
33 50 57
13 45 36
42 46 36
29 30 81
17 37 17
40 47 41
7 20 12
31 41 47
26 35 58
44 50 29
25 28 48
5 45 1
13 27 20
24 43 91
42 44 68
41 50 83
5 23 22
4 44 67
8 31 49
10 18 21
4 30 76
2 43 1
4 10 88
15 36 39
27 45 80
7 13 83
15 19 33
10 49 19
7 24 57
13 32 91
2 45 79
17 39 15
32 36 19
17 44 44
2 22 29
3 48 60
22 49 36
2 17 58
37 46 75
25 34 46
2 25 33
21 34 33
16 21 75
19 46 2
28 50 80
20 28 39
2 31 41
5 28 62
3 18 72
42 34
15 36 15
11 12 8
7 20 12
19 34 31
22 29 71
2 40 86
18 36 35
23 31 38
12 26 80
4 17 54
26 33 67
3 20 67
13 25 52
2 28 12
9 11 1
13 20 71
39 41 35
23 25 13
13 34 4
11 31 63
30 33 18
7 40 34
18 40 8
23 25 93
5 39 77
38 42 68
12 26 68
25 42 94
37 42 49
12 27 82
23 27 72
34 38 93
4 6 39
1 34 55
6 2
1 3 2
4 6 1
62 9
12 36 50
13 26 5
1 6 82
25 50 99
34 55 9
7 11 96
18 55 2
60 61 63
5 58 31
63 100
27 57 53
20 47 31
1 63 65
45 48 47
28 47 76
20 38 78
5 60 62
22 36 13
23 61 76
7 46 10
10 16 88
14 16 8
35 49 82
6 52 82
35 57 12
48 50 75
26 47 79
27 44 28
28 34 16
21 54 73
11 17 54
17 38 18
21 32 10
22 48 36
35 43 53
49 54 50
21 52 83
1 35 25
21 24 10
5 41 62
46 51 82
5 17 84
20 26 44
8 13 23
15 30 60
28 34 58
51 56 26
1 37 57
32 33 7
15 44 32
15 24 51
5 28 79
3 56 96
4 13 14
19 47 31
21 57 62
27 44 72
19 44 69
16 50 53
12 49 83
16 33 11
16 46 38
32 39 77
18 32 18
7 42 94
48 62 7
36 61 70
12 54 61
17 29 3
26 45 83
39 63 23
23 36 4
15 20 97
29 44 75
1 59 80
44 51 88
31 37 21
26 39 43
21 25 70
31 43 19
27 45 84
13 51 67
11 29 94
12 27 42
6 48 77
27 52 11
15 32 39
51 63 4
18 56 49
2 36 43
4 35 20
7 44 84
6 15 27
10 58 31
11 22 58
51 54 25
14 55 71
23 38 97
44 55 70
18 39 94
11 12 57
21 24 57
8 48 5
16 22 37
18 23 70
6 47 11
12 43 97
31 58 29
15 30 70
49 60 31
100 100
7 47 47
10 62 40
28 70 64
21 50 54
5 57 77
23 45 16
67 91 4
54 84 91
2 76 34
58 95 12
19 90 56
54 62 58
29 55 97
27 39 24
71 96 70
27 79 26
55 71 49
9 39 72
11 35 43
43 79 88
7 51 18
19 96 74
21 66 94
34 100 90
4 63 93
63 78 92
38 70 39
13 78 16
30 51 51
87 90 20
60 78 55
21 62 47
41 64 22
37 51 57
16 56 41
21 77 14
4 55 98
59 71 79
1 5 34
7 38 84
8 78 76
36 45 35
7 57 31
8 73 16
3 57 14
74 82 66
65 91 74
48 63 99
12 92 97
93 98 5
17 69 57
80 86 62
4 77 52
48 97 57
57 84 84
68 100 75
21 79 19
62 99 54
56 66 58
19 44 25
31 34 89
49 77 85
27 63 18
12 76 96
2 50 51
4 79 83
67 73 38
14 19 25
60 83 61
33 62 10
74 98 5
52 78 83
65 79 78
17 68 51
2 75 100
5 92 93
44 84 95
4 54 2
22 51 35
3 43 56
34 45 29
16 70 64
23 55 49
16 77 37
21 88 27
52 76 35
63 78 46
19 93 57
57 62 53
2 71 48
10 33 16
64 96 60
13 39 23
44 58 53
18 36 78
23 50 10
12 70 44
19 35 83
22 63 64
91 94 93
38 17
30 33 42
8 27 22
9 15 64
9 16 48
29 37 4
3 29 46
15 34 29
13 21 14
26 32 29
9 37 1
3 31 29
1 11 42
6 38 97
5 11 83
5 22 69
16 38 76
17 18 32
72 58
26 61 47
57 71 15
48 59 44
12 68 86
5 72 40
1 66 96
4 17 77
13 44 51
22 29 32
8 60 1
59 60 97
41 55 2
28 72 75
5 40 55
16 56 19
10 65 74
22 43 62
7 71 65
17 40 23
2 13 31
51 53 91
1 60 95
55 58 97
62 63 44
11 40 85
15 17 83
5 41 32
23 68 80
23 72 12
56 65 17
54 58 19
10 32 3
1 16 31
1 4 46
51 70 51
7 39 39
10 17 49
33 63 47
14 37 6
60 62 85
33 55 64
2 7 38
34 71 65
37 64 6
44 46 46
49 70 92
24 41 100
15 53 80
29 35 14
39 50 45
37 71 5
5 52 21
33 69 2
32 35 89
1 36 37
8 23 16
13 33 3
29 71 44
10 75
6 7 34
1 2 48
4 10 90
4 9 27
6 7 60
3 7 74
3 8 74
6 7 40
1 9 1
3 7 61
9 10 32
6 10 87
4 9 18
3 10 48
8 9 6
7 9 53
7 10 63
8 10 73
2 4 7
6 9 63
1 6 72
3 10 71
2 5 75
7 8 98
4 6 40
5 7 98
4 10 26
8 10 83
4 8 24
1 5 66
1 8 55
4 10 6
2 9 66
3 8 4
2 4 39
2 6 10
5 9 18
9 10 3
3 9 53
7 9 29
2 10 97
5 6 64
3 10 40
4 10 61
6 8 96
1 9 17
4 6 7
2 3 97
2 9 82
5 8 21
1 7 59
2 3 69
4 5 2
7 9 60
2 7 13
5 7 44
2 3 26
4 10 56
1 7 3
1 4 20
6 10 54
3 7 62
1 10 29
6 8 13
3 8 20
4 10 95
1 3 34
5 8 100
8 10 83
3 7 30
4 8 73
2 5 78
6 8 71
7 9 67
1 2 5
100 100
9 89 41
24 79 51
34 99 49
40 62 28
1 97 73
6 87 57
31 66 100
14 89 1
36 94 63
46 92 31
16 70 15
19 74 75
20 68 26
24 65 75
5 56 41
20 57 80
30 70 93
32 80 46
46 100 7
20 96 7
41 60 96
6 58 27
3 56 79
9 69 82
22 78 11
1 73 66
38 78 44
25 73 87
6 88 40
15 59 43
31 89 61
44 83 68
16 51 7
6 64 86
23 57 30
5 86 75
18 92 52
37 93 69
28 95 32
2 95 23
22 63 15
30 64 15
31 54 31
28 54 61
24 60 100
17 82 41
12 62 74
43 92 3
48 54 6
23 93 49
45 58 48
4 60 74
22 93 90
1 93 33
23 96 83
21 96 5
27 94 75
20 79 95
37 55 63
33 86 98
39 86 88
11 77 98
33 87 99
12 55 44
38 56 95
6 86 25
8 85 25
13 59 31
49 67 13
28 98 14
20 54 39
38 82 98
1 57 82
36 63 72
10 73 12
38 62 36
33 53 80
33 97 36
41 61 64
1 98 38
33 93 12
39 77 24
23 52 99
16 55 80
44 54 64
43 69 74
27 67 68
18 84 84
13 66 97
35 78 59
18 65 86
34 83 84
38 92 39
36 56 20
46 75 69
1 92 23
5 80 50
9 64 59
20 59 78
25 67 97
10 2
1 7 2
6 9 1
2 100
1 2 85
1 2 26
1 2 27
1 2 3
1 2 22
1 2 14
1 2 78
1 2 84
1 2 78
1 2 52
1 2 44
1 2 49
1 2 29
1 2 76
1 2 14
1 2 83
1 2 79
1 2 85
1 2 89
1 2 75
1 2 42
1 2 29
1 2 55
1 2 89
1 2 62
1 2 64
1 2 30
1 2 78
1 2 54
1 2 94
1 2 78
1 2 76
1 2 24
1 2 65
1 2 59
1 2 8
1 2 94
1 2 86
1 2 65
1 2 87
1 2 48
1 2 43
1 2 57
1 2 79
1 2 22
1 2 27
1 2 32
1 2 4
1 2 4
1 2 39
1 2 27
1 2 36
1 2 37
1 2 74
1 2 59
1 2 88
1 2 50
1 2 60
1 2 63
1 2 51
1 2 57
1 2 27
1 2 40
1 2 63
1 2 57
1 2 78
1 2 98
1 2 68
1 2 29
1 2 21
1 2 73
1 2 12
1 2 66
1 2 20
1 2 97
1 2 69
1 2 42
1 2 71
1 2 33
1 2 55
1 2 83
1 2 10
1 2 24
1 2 70
1 2 78
1 2 55
1 2 17
1 2 4
1 2 58
1 2 33
1 2 62
1 2 63
1 2 31
1 2 67
1 2 39
1 2 97
1 2 34
1 2 84
1 2 94
1 2 89
12 50
9 12 39
6 8 98
5 6 16
4 9 10
1 3 78
2 12 80
1 8 83
10 11 77
7 12 81
2 6 33
6 10 48
10 12 1
3 4 96
5 10 44
11 12 46
1 5 29
3 5 40
5 7 54
5 12 93
3 11 46
1 3 84
2 6 29
7 12 47
1 7 65
2 4 76
1 6 3
1 7 70
4 6 1
3 7 33
5 8 76
9 12 82
10 11 94
1 11 1
2 5 90
1 2 50
5 9 60
3 12 43
9 11 34
3 4 47
5 10 83
2 7 13
9 12 34
4 9 65
4 11 82
9 12 54
6 12 100
1 10 60
9 11 24
1 2 88
5 9 80
90 67
18 76 59
9 51 7
17 89 5
15 40 85
25 45 10
5 81 52
19 81 16
27 37 18
29 70 21
36 81 45
26 51 10
21 45 15
34 40 61
7 83 45
15 19 71
1 20 44
7 53 41
21 33 1
16 58 67
17 73 6
24 59 22
15 85 17
27 45 9
25 87 57
18 41 96
26 48 37
23 48 29
27 48 5
3 26 87
24 51 26
11 75 31
12 83 20
29 38 99
17 84 68
60 90 61
38 78 5
1 3 52
7 72 9
62 74 27
4 26 90
41 87 37
62 84 92
22 24 23
6 43 28
67 72 22
30 86 57
20 78 53
11 78 52
32 39 31
43 89 75
12 41 94
37 47 12
10 36 25
19 33 83
19 34 26
1 90 68
10 52 53
42 87 50
5 60 55
21 25 12
36 83 56
64 77 58
6 82 74
25 56 40
6 38 9
75 87 13
18 27 15
71 1
23 66 24
