10
9
5
2
3
10
16
18
17
8
20
   - -   -     - - -           - - -   -
 1 2 3 4 5 6 7 8 91011121314151617181920
 1     2   3 4       5 6 7 8 9      10
 1     2   3 4       5 6 7 8 9      10 x
 1     2   3 4 x     4 5 6 7 8       9 x
 1     2   3 4 x     4 5 6 7 8   x   8 x


   - -   -     - - -           - - -   -
 1 2 3 4 5 6 7 8 91011121314151617181920
10     9   8 7       6 5 4 3 2       1   
 9     8   7 6   x   6 5 4 3 2       1   
 8     7 x 7 6   x   6 5 4 3 2       1   
 7 x   7 x 7 6   x   6 5 4 3 2       1   
 6 x x 7 x 7 6   x   6 5 4 3 2       1   
 5 x x 6 x 6 5   x x 6 5 4 3 2       1   
 4 x x 5 x 5 4   x x 5 4 3 2 1 x     1   
 4 x x 5 x 5 4   x x 5 4 3 2 1 f   x 1   
 4 x x 5 x 5 4   x x 5 4 3 2 1 f   x 1   
