4
5
0 0 4
0 0 -4
0 4 0
4 0 0
1 1 1
1
3 5 9
2
3 5 9
3 5 9
8
-1000000000000000000 -1000000000000000000 -1000000000000000000
-1000000000000000000 -1000000000000000000 1000000000000000000
-1000000000000000000 1000000000000000000 -1000000000000000000
-1000000000000000000 1000000000000000000 1000000000000000000
1000000000000000000 -1000000000000000000 -1000000000000000000
1000000000000000000 -1000000000000000000 1000000000000000000
1000000000000000000 1000000000000000000 -1000000000000000000
1000000000000000000 1000000000000000000 1000000000000000000
