1000
3 1 1 9 3 1 3 1 2 8 1 8 3 1 8 4 5 0 5 9 3 2 5 1 5 4 3 3 0 7 8 6 8 9 5 1 0 0 5 4 0 6 2 5 9 0 9 4 0 5 3 4 9 0 7 5 5 0 0 5 7 8 3 7 9 0 1 1 0 6 5 2 2 7 7 1 7 7 8 0 4 3 6 3 4 3 8 9 3 9 6 3 9 0 2 9 0 3 2 3 9 8 5 1 5 3 5 5 2 3 5 6 6 3 9 0 6 8 9 1 9 8 4 0 8 9 1 0 2 4 5 2 2 1 5 9 6 0 6 8 5 3 4 2 6 5 4 4 3 6 6 4 4 2 7 4 1 8 4 4 4 2 8 8 5 3 8 1 6 6 1 1 0 5 5 6 2 2 3 6 0 9 2 4 1 1 0 5 0 6 9 4 8 9 3 3 2 3 6 0 9 7 2 1 4 9 0 7 3 3 5 3 2 9 9 5 1 9 0 1 6 1 7 4 0 2 0 5 5 6 5 7 4 9 8 8 1 0 5 4 3 2 8 7 2 7 3 3 7 5 6 5 9 3 1 9 8 1 6 5 8 2 2 2 3 3 2 4 3 0 1 9 2 9 6 6 8 1 9 5 7 5 2 6 1 4 7 9 5 4 4 3 8 7 7 3 2 2 8 7 2 1 6 6 0 5 3 8 6 4 6 3 0 0 1 1 4 9 0 0 5 6 5 5 5 5 8 7 7 8 7 1 9 5 7 9 0 2 0 7 7 8 2 9 8 6 0 3 7 2 5 2 8 0 9 4 7 7 3 4 6 0 5 7 6 5 9 8 9 1 5 8 9 0 7 9 6 7 4 5 1 9 9 2 2 8 6 9 5 1 6 3 4 1 1 0 8 2 8 8 3 6 6 2 8 6 3 4 5 8 1 7 9 0 9 1 8 7 3 5 0 9 9 4 2 2 4 3 6 5 3 9 3 9 3 1 7 6 7 3 6 8 0 6 8 1 9 6 0 2 3 0 3 2 7 8 6 3 1 2 8 4 3 1 5 6 4 3 3 1 6 9 9 8 7 9 1 7 7 1 1 1 3 7 5 0 5 2 4 8 6 4 2 2 6 9 8 2 4 3 4 0 3 5 0 0 5 1 9 2 4 1 3 8 8 9 8 5 3 4 3 1 9 7 3 7 6 4 9 3 7 5 5 2 1 6 5 8 9 4 0 4 7 6 2 7 7 2 2 2 7 7 3 6 4 9 5 3 3 4 6 2 0 1 5 3 9 0 1 9 6 3 3 4 9 7 1 8 9 6 0 8 5 6 6 2 5 1 5 0 8 3 2 8 6 7 1 8 9 4 7 6 7 2 0 9 1 3 7 2 1 8 1 7 4 9 9 1 3 6 1 1 1 5 9 7 5 2 7 4 8 6 0 5 0 0 4 1 6 4 4 7 2 7 4 8 6 3 9 9 1 2 2 2 9 1 2 4 5 9 9 3 6 9 1 6 2 7 0 8 1 4 7 3 3 2 3 1 7 2 3 1 6 5 3 6 9 5 0 4 7 9 0 5 1 3 3 5 0 3 5 2 9 2 7 4 6 1 6 6 5 9 7 4 4 2 0 3 8 2 0 7 4 2 4 5 5 7 0 7 3 5 1 4 9 9 9 6 2 5 4 7 4 1 3 0 3 3 6 3 6 6 2 2 0 6 7 7 4 9 4 9 6 6 3 5 5 2 3 9 7 7 8 3 0 2 6 6 5 2 1 3 0 4 5 0 2 4 7 8 5 3 7 1 9 1 9 6 3 2 5 3 2 6 8 2 8 4 0 5 8 2 1 8 8 6 0 0 3 9 9 8 3 6 2 2 7 1 1 3 3 8 8 7 4 6 2 2 1 2 8 9 4 1 0 4 7 0 5 2 2 4 3 5 2 5 9 2 6 2 5 1 1 3 9 5 1 3 0 2 5 0 4 2 1 6 6 0 6 3 3 0 7 8 5 2 3 7 4 9 9 9 2 0 4 3 8 5 6 8 0 2 0 6 6 1 2 4 3 0 8 8 1 7 6 6 9 9 3 3 0 3 4 5 5 0 8 3 6 5 3 8 9 5 4 7 6 6 1 2 6 9 0 7 7 9 6 8 0 1 2 3 6 8 8 4 9 6 7 5 3 3 3 2 8 7 1 7 5 3 9 1 2 1 1 1 2 9 0 3 2 4 6 9 2 6 3 1 2 2 8 8 7 3 2 6 2 4 3 7
7 4 1 1 7 4 5 0 3 5 5 5 1 3 6 5 9 1 7 1 6 7 1 3 1 4 9 5 8 4 3 5 0 4 8 8 0 3 0 3 0 7 0 1 0 9 7 9 0 6 2 6 5 4 0 8 8 1 4 8 6 9 5 6 5 3 6 5 7 8 8 7 5 0 1 5 9 0 4 2 8 9 8 3 3 0 2 1 2 8 9 0 7 4 8 2 9 5 7 8 5 7 6 1 7 9 8 9 9 5 1 9 4 1 2 7 4 6 0 8 4 1 8 3 7 6 5 6 3 4 5 9 1 3 0 1 4 0 2 5 5 5 4 9 8 6 8 2 5 8 0 1 1 8 5 8 7 2 7 0 7 4 9 0 9 1 1 3 2 5 8 9 0 2 1 9 0 9 1 7 0 4 9 1 2 6 2 9 8 1 2 7 5 1 0 4 5 3 7 7 9 7 8 9 1 9 8 1 9 2 1 9 6 0 2 0 8 6 2 8 7 4 6 2 7 6 8 2 9 7 1 0 4 0 0 5 9 0 9 0 4 0 1 2 2 4 5 0 2 9 8 0 3 6 4 2 4 3 7 6 2 8 8 9 8 8 4 0 1 5 0 7 7 4 0 9 0 5 1 2 4 2 2 9 0 9 3 7 4 0 5 6 9 3 5 9 4 2 1 5 9 2 2 7 6 4 8 8 1 2 0 5 4 5 6 6 4 0 3 0 0 8 6 1 4 4 1 8 6 2 5 5 6 9 4 4 4 3 2 5 5 5 3 1 0 9 7 6 1 3 6 4 1 4 5 7 8 8 5 4 3 0 2 9 0 8 6 6 1 0 1 8 5 4 1 7 6 9 3 7 2 1 1 5 6 9 3 4 7 0 1 0 1 5 2 3 3 8 9 7 0 2 7 6 7 9 3 5 0 9 4 4 2 6 9 8 7 4 5 4 5 8 5 8 5 9 1 0 7 2 7 7 4 7 5 1 6 1 8 8 2 3 2 4 1 3 5 8 8 2 2 3 0 9 3 7 8 4 7 7 6 7 7 0 4 2 4 2 5 2 2 7 5 4 4 6 7 9 4 5 1 9 0 3 8 5 2 9 9 9 6 7 8 5 8 4 0 4 8 5 8 0 5 4 4 9 2 4 0 9 1 3 0 4 8 0 9 0 9 9 1 8 8 0 3 8 6 5 2 5 1 1 7 8 7 4 9 1 8 9 2 9 2 2 5 2 5 5 2 4 6 5 4 4 7 0 3 4 5 7 1 8 0 8 6 9 2 5 1 0 6 5 2 0 0 7 2 5 4 4 1 0 0 6 7 9 6 0 3 3 9 4 2 0 3 0 1 7 8 2 8 4 0 2 5 0 1 7 5 6 4 8 8 6 4 5 5 2 7 9 8 7 5 2 9 0 2 0 8 0 5 8 7 5 0 2 7 3 1 4 1 5 2 0 3 9 5 9 1 5 0 9 2 5 1 3 8 6 5 6 8 0 4 5 7 6 9 6 9 1 0 1 8 5 3 2 4 0 3 7 5 3 7 9 0 0 2 8 8 8 6 7 0 0 4 8 8 6 6 0 7 7 3 7 4 6 9 8 6 4 5 2 7 4 1 0 7 6 0 7 4 7 4 4 9 1 4 8 7 1 0 6 0 3 3 4 9 5 4 5 1 1 9 9 8 1 1 7 9 1 4 3 0 1 9 0 4 6 0 1 9 0 9 1 5 4 7 4 1 1 1 3 4 1 4 4 4 5 1 3 8 8 8 1 1 9 1 5 7 3 8 6 5 7 7 0 3 4 6 5 7 7 0 2 0 4 8 6 1 2 1 1 0 9 2 1 1 5 6 8 8 6 5 5 3 4 5 8 1 1 3 8 1 3 2 1 9 1 8 2 3 9 4 5 1 6 6 2 2 4 2 2 0 9 8 5 4 5 3 5 9 9 5 0 2 8 1 4 1 1 6 4 1 2 1 2 9 7 6 3 3 8 7 3 8 7 8 4 3 3 1 4 2 6 4 7 4 5 1 5 7 9 1 0 2 2 4 3 1 0 8 4 0 5 9 0 5 9 6 0 3 7 4 5 4 8 4 8 5 5 6 4 7 9 4 9 4 8 2 7 0 0 4 3 7 3 3 2 5 0 2 8 9 8 5 3 6 0 4 2 7 0 6 4 1 3 3 5 3 7 3 4 9 9 9 7 2 2 1 7 4 6 7 6 4 5 9 3 7 3 7 4 5 5 1 7 8 6 4 2
1000
30 945 298 453
308 749 302 251
422 587 670 68
161 713 834 446
254 526 679 784
197 378 798 82
590 773 161 812
257 567 514 862
286 813 667 34
120 323 637 893
660 909 961 620
796 820 66 696
49 99 480 777
632 647 860 770
22 221 583 138
278 450 352 563
21 615 949 85
343 587 978 250
246 940 222 417
641 735 113 783
739 947 560 737
578 773 507 149
147 443 640 775
893 993 690 506
13 640 591 706
226 571 308 823
531 862 240 596
172 706 731 261
644 652 998 228
769 859 730 914
301 371 689 544
363 733 50 727
372 995 433 949
95 917 124 777
365 625 373 147
422 457 409 73
101 760 653 868
384 618 134 270
176 754 814 468
218 908 195 279
212 981 580 479
75 705 256 51
421 983 198 841
439 960 914 890
720 921 110 688
304 597 958 409
126 773 229 679
343 425 310 905
757 891 384 183
641 947 234 366
785 975 208 765
475 745 7 815
119 395 503 50
463 715 459 838
588 689 518 281
181 465 186 220
72 571 403 17
563 990 384 889
127 945 654 870
419 662 685 813
132 541 863 198
3 675 36 941
715 907 222 178
88 761 750 510
507 683 527 597
264 848 486 973
208 493 195 626
233 506 791 989
655 774 539 127
576 681 69 394
644 835 572 921
675 757 431 438
311 533 387 380
226 927 353 485
70 550 463 575
255 782 916 906
261 456 34 940
383 456 334 216
259 451 489 206
273 286 997 817
737 936 197 861
904 963 698 31
163 453 958 585
769 875 492 29
527 682 321 64
9 334 280 783
123 619 342 903
340 395 721 329
76 271 542 389
174 242 421 977
404 732 915 171
408 959 552 639
286 875 703 618
337 883 753 500
96 459 756 852
787 830 534 862
77 100 603 625
25 670 602 72
109 518 596 66
277 501 705 913
727 762 883 960
450 638 813 907
570 733 111 519
399 998 733 849
75 337 474 743
430 714 168 821
117 299 239 575
297 617 840 343
58 725 303 506
117 362 765 445
38 230 964 435
50 227 637 300
387 464 396 451
893 917 624 543
33 864 118 0
512 959 695 921
35 1000 427 395
468 546 841 505
158 775 292 0
208 282 653 945
402 746 748 989
318 373 532 701
588 651 701 98
398 962 19 995
749 800 743 215
345 585 72 470
94 718 470 652
476 999 597 95
346 877 85 545
70 618 246 8
621 949 107 581
479 698 928 445
24 630 12 325
438 608 795 53
507 619 705 504
94 656 952 970
38 353 515 422
115 655 430 274
415 890 207 111
137 721 908 349
160 273 675 119
471 710 524 567
89 230 72 534
237 377 504 589
372 414 11 67
486 794 694 899
684 902 362 755
390 623 104 901
780 896 372 956
603 897 524 42
478 949 576 714
325 433 303 737
157 667 156 993
812 851 245 846
105 608 601 493
231 707 746 477
119 838 433 439
367 958 834 196
411 906 910 581
566 844 318 351
584 828 344 394
30 590 241 133
198 843 979 779
549 726 256 386
197 690 177 914
12 1000 110 256
373 775 838 969
509 938 320 520
336 665 915 365
157 255 498 803
351 830 582 899
191 556 637 103
167 232 17 230
129 179 839 952
501 678 273 438
186 594 310 521
258 578 238 863
86 89 666 436
601 919 687 825
143 677 928 374
843 946 956 372
74 796 676 926
473 950 716 10
27 543 883 800
122 957 15 41
562 683 829 479
517 635 304 777
193 585 503 387
460 531 759 955
437 608 233 431
386 950 441 280
329 677 80 284
448 798 677 711
130 508 190 116
24 848 893 568
397 784 955 665
208 715 621 814
503 855 598 888
40 157 168 484
69 601 120 865
400 798 576 529
120 305 997 680
319 891 600 101
639 908 767 845
622 741 12 476
611 947 716 102
2 885 938 69
59 837 287 235
209 216 116 864
114 687 896 4
356 497 458 993
404 578 191 377
204 318 853 615
166 570 718 518
9 806 940 993
420 580 580 627
698 795 491 833
163 389 189 518
237 648 863 640
55 225 369 893
223 610 509 126
144 580 645 948
588 938 293 358
517 874 985 662
571 830 495 85
218 686 603 453
467 685 445 261
815 874 506 482
16 389 961 883
607 947 183 886
477 544 244 411
231 351 73 272
60 570 357 628
313 607 433 290
132 880 903 4
46 411 838 786
426 800 669 724
758 854 610 652
682 855 63 31
138 437 656 847
366 707 475 312
679 910 954 809
141 859 165 537
269 356 675 45
156 346 769 264
551 732 917 583
587 981 615 374
470 624 222 527
698 989 191 666
147 959 827 450
345 357 340 976
16 701 21 207
144 713 471 614
389 875 198 812
722 814 187 542
410 789 70 776
262 459 795 417
760 975 219 467
320 560 443 371
576 818 578 287
50 961 902 186
101 791 999 863
266 539 405 405
828 948 181 405
329 442 174 200
304 395 668 974
464 954 697 880
276 281 168 592
423 677 779 818
131 875 33 491
669 792 896 967
78 619 724 59
759 900 612 61
633 646 387 598
85 96 831 728
352 712 320 739
452 774 558 999
582 592 490 601
383 387 920 353
646 816 412 573
377 545 986 541
9 726 139 104
323 810 832 872
505 674 612 446
171 957 797 889
114 288 843 848
26 764 201 841
409 966 766 304
106 343 845 350
338 831 806 640
660 991 512 333
125 848 131 803
647 930 44 760
217 888 960 594
162 652 435 59
479 554 716 820
562 659 523 489
682 899 481 910
346 673 243 519
727 823 674 820
656 719 932 224
607 893 818 609
406 606 20 884
511 737 704 169
228 299 10 548
844 910 458 933
54 541 804 362
781 831 183 787
116 549 363 506
361 534 115 765
137 491 649 1
355 873 522 522
533 934 423 194
234 728 479 267
284 288 982 419
114 166 558 14
633 923 520 344
808 989 110 298
477 760 299 700
466 822 223 751
706 999 297 784
232 778 51 870
34 413 641 878
201 551 892 535
475 765 879 281
105 342 579 580
231 454 281 918
52 857 21 108
320 855 892 437
97 945 308 508
330 950 738 232
502 631 767 975
748 999 609 851
189 341 432 793
66 420 63 822
438 922 283 127
176 757 564 204
472 873 712 801
175 804 385 675
153 434 651 532
261 503 384 194
169 801 339 571
234 404 746 506
30 193 633 948
205 550 152 28
217 423 181 948
20 567 623 805
71 627 337 572
239 722 767 39
242 459 962 474
214 709 332 405
90 966 353 294
506 516 674 289
75 856 237 93
213 422 898 491
237 840 415 77
183 310 468 903
432 642 377 206
63 492 612 581
28 966 227 894
824 902 535 897
125 757 990 177
242 338 20 176
436 830 253 490
75 971 393 963
124 506 169 348
186 782 929 564
157 748 811 922
347 410 819 165
162 472 694 160
403 715 336 583
151 942 74 120
16 468 83 872
253 591 221 127
387 503 692 133
12 504 55 420
227 850 586 672
388 633 832 142
348 521 725 849
800 815 321 181
620 757 54 561
361 628 689 746
130 382 231 140
287 885 561 85
500 865 110 252
132 295 746 830
168 472 31 981
353 624 162 242
461 569 803 821
196 845 567 325
226 800 817 461
438 731 899 302
230 362 906 713
8 653 895 174
476 928 507 98
632 671 692 92
591 849 913 786
693 833 463 270
281 632 83 69
12 983 723 592
630 696 305 703
554 634 877 108
738 833 207 815
252 760 907 349
100 173 135 792
6 599 414 988
232 498 409 242
133 833 186 527
762 845 582 394
398 813 855 229
63 550 396 308
305 314 657 765
146 829 909 185
96 324 526 326
821 936 920 652
69 108 532 181
115 952 928 700
784 927 281 827
198 678 135 862
146 334 627 514
291 537 699 385
226 860 64 32
337 514 36 933
796 921 114 746
36 395 798 313
80 530 141 726
277 758 589 442
422 569 956 63
458 657 801 316
234 866 700 746
90 554 679 349
10 147 447 44
247 541 710 422
204 326 148 434
90 480 877 253
186 659 668 467
470 842 135 427
687 837 525 240
558 926 589 934
37 704 331 595
394 635 369 312
519 597 98 427
328 960 32 969
514 702 436 706
523 573 133 209
409 660 801 685
569 743 971 623
131 655 570 765
48 941 77 995
459 528 423 769
456 856 739 368
176 509 74 383
209 748 944 507
220 746 192 139
165 488 762 617
333 819 734 218
164 625 213 434
692 989 204 546
445 944 266 304
119 341 687 218
632 901 725 471
271 729 610 567
373 435 185 604
58 272 174 681
389 436 116 478
321 377 376 172
616 643 829 85
869 983 303 883
30 853 354 580
318 652 148 85
686 690 41 98
217 957 780 743
249 957 573 684
921 950 209 535
39 592 620 926
277 907 809 758
516 658 691 308
185 840 745 874
787 877 324 184
355 457 928 662
502 705 347 976
557 804 511 394
485 947 320 204
113 482 315 769
7 350 429 533
175 198 759 73
85 313 257 19
538 541 681 597
381 392 573 194
289 438 940 234
274 614 439 385
95 755 506 795
113 936 681 309
441 462 734 773
877 992 144 769
827 882 366 272
207 292 818 847
729 759 81 1
724 873 738 818
245 979 965 90
180 647 399 992
88 134 766 315
478 911 84 358
89 803 982 647
95 153 494 822
263 576 176 986
801 915 156 778
122 160 869 690
121 621 683 559
107 802 874 583
64 960 293 504
114 628 151 207
646 780 382 41
559 573 379 724
536 825 503 983
10 725 26 129
62 345 688 450
215 563 385 277
31 874 133 987
285 658 546 788
282 929 182 206
562 839 930 663
450 786 998 458
377 510 587 854
438 628 656 651
395 542 281 415
415 425 754 434
52 301 222 684
582 757 242 419
174 319 434 767
434 959 577 820
517 810 674 599
144 683 602 684
77 884 451 501
206 651 935 53
510 859 737 791
267 333 210 936
506 998 55 815
431 633 635 591
149 662 190 643
697 794 327 772
29 780 625 30
337 913 435 194
423 526 337 40
549 858 328 362
384 898 529 327
368 518 270 867
531 814 510 226
190 607 351 986
969 977 369 305
242 805 851 15
190 330 407 186
90 736 900 986
431 471 665 837
288 300 704 181
101 567 408 58
112 756 45 76
415 440 733 680
571 585 47 900
126 455 86 566
190 988 904 659
570 770 848 420
210 905 601 309
362 471 368 578
414 825 654 264
180 388 296 749
324 345 1 801
89 151 367 340
273 428 351 548
194 201 320 402
105 922 712 927
81 636 505 459
512 846 75 376
373 899 477 573
69 480 374 218
743 920 910 698
263 367 246 559
815 919 314 918
27 840 197 826
459 703 286 655
566 714 383 463
86 861 389 505
692 764 724 610
858 987 660 223
249 259 135 414
177 450 685 368
476 883 194 285
833 938 292 502
547 676 318 983
708 888 489 579
471 566 541 680
203 552 903 152
39 461 566 989
252 488 357 314
135 904 599 71
737 892 925 634
244 919 617 806
459 951 737 421
24 279 101 575
357 833 79 645
396 646 634 234
250 344 549 383
247 501 806 334
732 745 968 662
587 976 468 277
206 397 50 420
504 837 347 20
427 861 665 607
424 652 841 672
743 995 407 241
566 596 575 339
650 897 353 976
483 823 253 230
305 380 650 567
350 808 588 667
254 776 626 551
821 906 223 899
915 984 492 509
69 901 200 549
555 965 525 798
132 377 28 107
32 436 675 242
264 381 262 508
869 889 59 773
61 635 25 975
518 970 484 870
686 938 419 253
298 592 403 319
429 785 426 863
454 816 457 547
69 72 55 937
313 467 62 372
102 440 347 70
185 310 292 598
222 713 852 812
362 608 131 789
392 910 4 558
364 462 458 783
866 886 720 197
136 333 569 785
270 575 855 883
149 454 482 26
213 687 838 573
294 322 714 37
231 719 947 945
406 532 729 416
624 802 965 955
536 937 740 863
157 948 98 609
448 581 635 11
619 826 584 264
147 651 653 728
369 601 26 252
359 756 20 981
557 987 288 845
29 874 708 29
328 807 990 775
740 978 786 357
155 724 973 652
374 627 380 94
407 580 698 289
514 719 622 422
57 911 267 281
291 328 662 617
134 653 392 224
532 982 934 135
607 908 787 979
169 887 425 465
124 927 754 440
195 377 214 250
482 639 884 928
547 809 545 293
291 552 870 532
174 805 668 779
64 456 110 949
537 976 766 254
660 873 46 205
249 261 808 238
693 742 166 901
239 713 546 141
355 417 674 527
221 343 658 636
150 769 585 477
305 353 731 316
225 778 521 825
38 330 63 130
22 583 383 612
647 930 753 0
428 699 879 270
122 538 906 623
306 493 100 610
197 832 926 772
609 800 597 997
14 130 127 502
863 948 114 593
221 792 945 841
825 1000 112 121
362 371 744 18
845 863 980 410
28 259 183 987
59 133 984 187
464 498 689 444
157 326 37 468
377 983 662 375
159 775 848 871
145 593 890 359
223 789 769 167
305 482 154 539
139 790 78 286
768 954 83 630
121 924 99 651
114 456 27 965
876 888 837 383
80 821 94 960
217 654 128 134
283 521 25 309
104 774 948 78
32 872 709 146
161 504 150 310
178 274 276 512
405 466 895 224
897 991 185 549
207 666 684 78
710 948 740 72
166 689 151 388
72 213 534 574
373 685 885 645
214 514 157 618
331 405 194 226
732 747 127 304
164 397 383 696
124 226 120 390
164 624 778 234
665 836 808 207
46 702 204 914
714 911 884 240
119 432 818 216
515 947 521 911
110 905 959 686
380 432 76 894
56 855 128 890
289 520 450 572
655 687 486 596
369 724 189 838
360 507 406 20
306 928 283 767
184 595 453 914
27 883 808 81
289 737 323 607
774 930 179 615
19 781 563 500
94 105 690 599
97 465 619 121
25 256 240 207
47 850 474 875
283 929 308 16
633 924 624 852
156 758 819 537
383 526 37 618
728 840 569 303
542 825 776 200
18 797 759 645
64 234 521 991
830 869 7 791
814 984 643 571
463 492 108 368
197 499 987 35
226 909 690 401
450 468 953 597
66 837 243 899
117 299 242 518
602 946 309 111
305 586 682 428
119 143 796 667
136 641 54 218
397 746 971 845
565 926 443 400
39 991 299 640
155 894 511 451
173 495 562 431
597 830 859 947
9 740 966 379
22 496 597 891
767 922 89 682
847 885 82 188
734 923 180 428
627 692 879 120
795 865 552 693
743 764 992 481
772 960 861 619
811 981 510 98
600 732 132 929
215 836 469 757
3 300 537 925
694 770 45 909
564 950 954 305
66 300 139 836
353 611 455 590
163 319 40 246
173 270 527 105
739 998 214 37
753 1000 962 44
360 522 306 436
613 662 741 726
233 912 914 521
585 723 463 99
41 856 697 661
28 225 766 117
574 982 154 924
469 734 321 254
181 628 690 193
240 784 919 151
186 369 24 952
489 908 51 299
101 344 961 723
80 326 192 250
61 348 175 145
168 497 399 347
442 476 540 714
578 812 217 945
243 998 249 256
83 654 908 425
754 870 500 430
301 694 681 361
393 857 506 559
259 705 259 179
52 152 245 628
316 464 925 664
58 176 920 139
181 829 916 933
50 418 364 350
46 463 63 854
254 922 765 309
25 180 840 583
86 529 563 843
490 901 507 957
17 780 96 548
14 961 481 361
198 783 711 244
127 595 98 199
49 864 508 579
241 349 162 768
727 787 963 686
568 823 996 935
93 602 835 913
106 317 275 887
339 515 483 460
466 582 660 865
521 798 444 37
870 960 157 7
38 121 45 956
42 295 243 247
79 135 161 591
747 789 831 612
127 315 73 943
249 734 808 45
254 606 82 474
592 917 833 953
64 880 261 357
505 921 604 406
118 935 350 680
182 906 293 384
367 848 327 447
452 489 492 704
94 927 531 9
365 518 314 932
244 928 289 516
247 784 274 717
625 716 397 621
158 691 357 357
409 685 804 859
173 298 916 617
576 800 978 445
164 645 377 759
20 572 627 354
618 902 71 332
527 822 305 683
663 864 40 272
348 846 483 871
495 752 489 421
468 551 866 714
113 597 825 683
453 968 390 584
354 814 916 231
223 635 267 498
237 308 122 583
505 958 807 350
297 710 772 259
764 991 325 875
151 939 911 905
302 955 489 660
115 759 891 101
159 981 951 568
74 819 504 674
31 312 25 91
150 608 351 722
29 140 950 78
532 862 983 485
515 826 145 980
390 584 81 915
33 900 483 717
458 988 392 840
651 770 931 257
635 919 980 409
283 664 487 194
144 824 31 9
1 530 989 583
271 424 498 169
456 982 239 265
322 984 105 971
389 753 581 670
24 914 431 38
196 272 584 690
95 616 699 446
497 689 29 766
464 528 936 919
528 861 184 533
511 642 857 262
30 439 284 404
704 716 442 898
27 987 588 432
640 995 878 490
260 328 257 143
546 787 62 999
73 599 884 582
592 742 196 620
532 833 377 234
548 820 132 886
73 199 670 192
712 902 34 391
161 644 534 299
189 949 650 612
535 899 546 489
277 743 461 807
575 839 394 474
527 659 712 856
383 600 400 662
435 636 53 796
79 588 447 618
98 536 583 433
130 632 274 259
225 737 419 150
575 814 624 584
337 340 792 290
72 545 953 706
359 980 854 409
302 947 379 833
399 963 619 382
93 894 641 668
61 982 818 908
796 874 492 565
484 638 207 554
182 513 613 160
468 872 921 817
122 302 2 519
264 622 901 707
868 896 727 848
547 956 756 181
602 694 746 176
239 954 83 419
467 697 932 337
516 854 506 636
507 861 508 122
483 762 181 349
657 910 549 612
307 808 793 500
892 908 676 497
197 760 916 14
808 849 703 323
55 562 311 912
172 423 34 904
217 934 605 589
155 478 553 284
699 813 136 71
165 942 568 138
838 925 152 83
38 209 758 91
71 770 356 191
391 594 95 526
53 959 468 435
22 560 71 723
73 208 795 13
364 373 151 648
553 657 731 590
491 865 33 633
390 913 825 505
273 781 384 738
678 853 526 236
226 598 959 297
107 806 311 529
815 823 177 374
261 823 964 686
103 999 672 14
388 850 872 519
257 474 610 150
109 137 738 333
699 734 631 890
157 295 771 978
461 949 353 283
318 562 321 663
