100
6477
82914
9696
78419
7583
6745
2053
6318
97194
6707
81276
32384
61899
4228
6271
80531
11926
57317
5916
5496
7808
51626
75644
8383
54616
69539
83387
4705
50508
1664
8369
53988
3713
3509
17018
2905
29917
3858
19872
19461
30102
2648
85963
1879
93564
2552
13689
62736
3637
5396
8544
90679
73726
9331
41325
40496
31367
9801
32501
4134
3307
2542
9179
14807
58519
8062
8942
9223
2268
67385
8174
28529
61765
1605
25243
77887
76565
7099
2844
63272
64269
23334
94267
45893
2204
34029
8049
12436
59974
12243
7773
1746
3327
88114
27388
71533
1441
23258
9842
89739
