100
2 99.9999 56.0779
99.9996 7.9132
99.9995 56.5008
2 5.0000 99.9000
30.0000 99.8999
20.0000 99.7000
2 0.0002 21.7913
0.0009 21.7913
0.0004 88.6844
2 0.0007 49.4177
99.9999 84.3947
99.9997 49.4177
2 99.9995 86.4767
0.0003 87.0271
0.0006 1.4525
2 100.0000 75.6127
70.0263 75.6127
27.0364 27.7990
2 99.9993 26.7732
0.0005 64.5552
0.0010 26.7732
2 99.9992 40.8783
99.9996 40.8794
99.9995 67.0511
2 99.9992 89.1630
20.0616 89.1630
99.9996 61.1044
2 99.9993 72.4262
43.8106 79.7472
99.9992 65.1052
2 99.9992 70.3400
100.0000 70.3400
0.0005 23.4439
2 99.9992 42.7383
0.0010 13.1554
0.0002 42.7383
2 100.0000 94.5533
99.9998 94.5533
99.9995 81.9484
2 100.0000 58.9547
99.9998 58.8716
99.9995 96.6638
2 0.0001 77.2831
0.0001 97.3911
0.0001 57.1751
2 99.9997 34.7571
0.0002 34.7571
99.9998 6.5353
2 44.5076 99.9000
92.5159 79.7374
50.7675 81.7953
2 13.4712 0.1000
7.2625 0.1000
83.4968 24.6813
2 0.0006 34.9924
0.0008 35.0725
99.9993 9.5348
2 0.0006 47.1923
100.0000 97.6518
99.9993 47.1923
2 0.0007 45.7909
87.2437 36.6816
99.9990 45.7909
2 0.0007 56.8564
0.0009 56.2640
99.9996 57.4488
2 90.7508 6.6880
0.0002 6.6880
0.0001 6.6880
2 99.9991 6.0644
99.9992 33.9240
30.3316 6.0569
2 30.0000 65.4321
0.0001 50.0000
100.0000 99.9000
2 0.0006 32.0468
99.9993 77.3968
0.0006 32.0079
2 99.9997 91.8640
0.0006 92.3280
0.0002 38.5324
2 99.9992 18.6596
99.9993 28.4265
0.0011 18.6596
2 99.9998 44.9488
0.0006 1.6677
99.9997 44.9488
2 99.9998 70.8339
99.9991 71.5427
0.0002 13.3529
2 0.0008 37.7172
0.0008 37.7172
99.9995 89.0233
2 99.9999 57.8070
99.9991 57.8070
0.0003 96.4236
2 100.0000 88.3983
0.0001 88.3983
99.9999 88.3984
2 99.9995 27.2185
0.0009 13.2785
4.7103 27.3374
2 0.0006 78.4203
99.9992 26.6473
99.9992 78.4203
2 59.1081 96.8236
85.9566 98.5488
45.9915 93.5993
2 0.0004 62.3904
99.9995 62.5829
99.9991 23.5592
2 100.0000 13.8708
13.4090 13.8531
99.9992 56.2776
2 0.0001 49.2086
50.7327 74.4168
68.1733 24.0004
2 44.3309 74.6059
0.0001 74.6059
0.0002 74.6059
2 99.9995 28.7422
80.3785 0.1692
99.9999 28.7422
2 0.0009 35.6074
99.9994 69.3897
99.9996 1.8250
2 0.0004 22.7880
99.9998 22.7880
99.9997 55.2052
2 0.0003 48.5080
99.9992 48.4400
99.9991 53.2109
2 99.9997 13.8245
99.9990 13.8245
99.9997 55.2142
2 99.9999 97.2625
0.0004 3.3872
0.0005 97.2624
2 100.0000 88.3984
99.9999 88.3984
0.0001 88.3983
2 0.0008 65.2000
99.9994 91.1647
0.0004 65.2000
2 0.0004 67.4723
0.0009 40.8222
0.0005 94.1223
2 0.0006 33.5178
0.0009 33.5178
99.9994 81.4592
2 99.9992 95.4307
99.9995 95.7991
0.0010 92.4903
2 0.0007 30.6961
0.0003 30.6624
0.0002 70.1558
2 0.0001 0.1001
0.0001 0.1003
0.0001 0.1000
2 81.8976 2.8146
99.9999 2.8144
0.0002 91.2514
2 100.0000 45.5685
86.5225 45.5685
0.0009 13.2356
2 99.9991 64.9150
99.9993 75.9623
67.9427 64.9150
2 30.2462 98.4812
33.4877 98.4803
89.0118 81.1342
2 0.0003 51.6296
99.9993 37.9255
0.0005 51.6296
2 99.9999 83.5915
99.9999 86.2046
99.9996 83.5915
2 99.4808 76.9326
99.9999 76.9326
100.0000 76.9326
2 0.0007 83.8148
0.0003 83.8148
0.0006 75.5797
1 96.8167 39.7001
76.6235 88.2444
2 99.9993 78.3419
0.0010 66.3879
81.5911 78.7886
2 87.2168 48.7002
96.9993 58.1123
41.2403 99.6628
2 99.9994 56.3285
0.0010 98.2331
0.0004 14.4240
2 0.0011 24.6046
0.0006 34.8825
0.0006 24.6046
2 0.0002 65.2940
0.0001 24.5131
99.9994 65.4072
2 79.0443 0.1000
5.2558 43.6070
77.3380 8.1514
2 0.0006 10.9341
0.0007 66.6277
99.9999 10.9180
2 100.0000 65.1587
0.0001 65.1587
99.9999 65.1586
2 99.9996 71.8016
0.0008 21.6758
99.9991 71.8016
2 0.0011 15.3413
99.9993 5.1565
99.9999 25.5261
2 52.7491 38.1674
39.8890 41.9600
48.9797 38.1685
2 99.9997 85.7907
99.9992 85.7907
99.9992 20.0846
2 100.0000 10.0116
41.7849 2.4129
32.1755 17.6104
2 99.9992 49.2971
28.7000 49.2971
0.0010 23.2405
2 0.0002 49.5985
100.0000 49.5985
0.0002 19.6851
2 99.9998 44.9482
99.9999 80.4669
99.9991 9.4295
2 99.9999 41.2238
0.0006 11.3239
99.9999 71.1238
1 10.0000 50.0000
0.2000 50.0000
2 0.0004 5.3552
0.0008 5.3552
0.0009 0.2810
2 83.5839 5.2143
19.8723 5.2143
45.7957 5.2143
2 0.0008 15.9194
99.9991 64.5607
9.4804 15.9194
1 42.2784 77.2574
96.4591 77.2585
2 36.7763 21.8281
51.4893 7.8201
10.0943 93.2805
2 42.8994 9.2356
99.9999 9.2356
100.0000 9.2356
2 73.0796 1.2055
10.7038 45.0715
14.6939 45.0715
2 99.9998 88.6529
0.0002 88.5207
99.9996 94.3541
2 0.0001 80.6085
99.9994 28.8810
0.0011 80.6085
2 0.0004 42.6856
0.0005 42.8067
0.0005 34.1552
1 96.4607 42.2572
37.4677 42.2572
2 99.9994 43.9234
0.0002 59.1440
0.0009 43.9234
2 0.0004 87.9165
100.0000 93.6402
0.0007 82.1928
1 64.7408 99.9000
56.0410 99.9000
2 0.0009 10.7023
0.0004 10.7023
65.0783 16.7788
2 0.0008 3.6546
10.4402 3.6546
0.0003 35.2099
2 100.0000 65.1586
0.0001 65.1587
99.9999 65.1586
2 0.0007 21.3066
99.9993 12.1964
30.9665 21.3377
2 0.0001 0.1000
0.0001 0.1002
0.0001 0.1001
2 99.9997 68.1413
0.0007 87.9442
0.0002 68.0474
