20
20 1
1 1 1 1 1 1 1 1 1 1 1 1 1 1 1 1 1 1 1 1
17 12
37 19 11 34 33 18 38 35 30 20 36 30 5 14 30 36 9 
17 5
50 13 46 29 22 21 42 33 48 34 7 33 15 1 23 8 33 
19 4
0 24 42 4 11 35 50 24 11 9 8 25 0 37 34 8 28 7 2 
20 2
18 36 19 6 47 3 33 2 11 27 25 48 42 38 38 36 44 27 14 8 
20 4
36 0 28 27 21 47 28 15 7 24 14 18 17 12 11 49 46 8 8 40 
17 14
6 24 16 40 28 10 13 50 20 15 45 41 17 6 32 41 23 
18 14
7 34 37 50 50 6 18 39 27 8 5 16 8 9 0 25 7 10 
19 8
1 41 37 15 44 19 50 25 12 39 37 35 20 21 11 43 42 13 29 
20 5
23 50 37 34 14 11 48 33 21 17 49 33 25 38 30 45 34 35 1 20 
19 5
45 5 36 22 10 41 40 36 37 21 9 5 18 26 32 46 46 47 9 
19 15
19 21 19 35 48 25 5 45 2 31 40 46 16 13 16 36 4 10 24 
20 1
0 0 0 0 0 0 0 0 0 0 0 0 0 0 0 0 0 0 0 0 
18 6
27 0 48 28 9 44 42 23 34 37 13 29 18 7 6 28 30 37 
10 11
1 2 3 4 5 6 7 8 9 10 
20 1
50 50 50 50 50 50 50 50 50 50 50 50 50 50 50 50 50 50 50 50 
3 1
1 2 3
19 5
4 13 23 37 5 37 34 10 21 7 22 4 32 18 7 36 44 10 36 
4 2
0 0 1 2
20 1
0 0 0 0 0 0 0 0 0 0 0 0 0 0 0 0 0 0 0 2 
