100
1
10 3 8 1
9 4 5 6
2 14 7 12
16 11 15 13
1
12 4 8 16
6 10 7 3
15 14 13 2
11 5 9 1
3
14 6 1 3
4 9 8 12
2 5 10 16
11 7 15 13
2
12 11 7 15
6 3 13 8
4 9 2 5
10 16 14 1
4
9 14 13 6
7 15 1 10
12 11 3 4
2 16 8 5
4
16 5 7 6
10 12 2 1
4 3 11 13
8 9 15 14
3
2 8 10 11
5 3 12 4
13 14 7 6
16 15 9 1
1
3 13 2 8
14 16 9 4
6 1 5 12
11 10 15 7
2
10 1 15 9
7 5 2 12
16 3 11 14
8 6 13 4
4
14 10 8 1
3 9 6 11
16 13 15 4
2 5 12 7
3
13 11 8 16
7 4 2 12
14 9 1 5
3 10 6 15
3
10 7 11 2
14 5 12 8
1 16 6 9
4 3 15 13
2
12 5 11 14
9 4 3 6
7 16 10 13
8 15 1 2
3
2 4 7 1
11 16 15 5
6 13 10 9
14 3 12 8
4
15 9 8 14
16 1 12 4
6 2 11 10
7 13 3 5
4
14 3 5 6
7 16 13 8
9 15 10 1
12 4 11 2
4
5 13 3 4
9 12 11 15
10 2 16 1
7 6 14 8
1
7 14 6 8
15 10 11 1
16 13 5 4
12 2 3 9
3
13 15 10 16
12 1 14 8
7 11 3 4
5 2 9 6
3
2 3 16 8
9 5 15 14
10 13 6 1
12 4 11 7
3
4 14 3 7
1 6 16 8
15 12 5 2
9 13 10 11
2
15 6 3 9
7 1 4 13
2 10 5 11
16 14 12 8
3
4 6 8 15
5 9 10 2
14 3 1 13
7 11 16 12
4
3 14 4 6
5 2 11 1
16 7 13 9
8 15 12 10
4
9 10 13 12
7 8 1 5
2 15 16 6
4 11 14 3
1
12 15 13 10
6 5 14 7
16 2 3 4
8 9 1 11
2
9 8 2 12
14 6 16 3
11 15 10 13
4 7 5 1
1
6 12 1 5
10 13 15 7
4 14 2 11
3 16 8 9
1
11 3 16 1
15 8 5 2
4 14 6 10
9 13 7 12
2
14 4 13 7
8 12 6 1
3 10 16 15
9 2 11 5
1
6 7 12 13
15 14 8 1
9 3 16 2
10 11 4 5
4
11 16 2 15
4 5 9 1
10 8 14 3
6 13 7 12
2
9 2 12 16
14 3 13 1
15 8 10 5
11 6 4 7
2
2 10 15 6
11 3 16 7
13 1 9 8
4 12 5 14
4
4 5 3 13
6 2 12 7
11 10 9 14
8 16 15 1
4
11 7 14 3
6 16 8 4
9 1 5 12
10 15 13 2
3
15 7 9 1
2 10 8 14
3 11 13 5
4 6 16 12
2
10 14 7 6
9 11 8 3
4 2 16 1
13 5 15 12
4
12 14 13 10
1 6 4 3
9 5 2 15
11 8 7 16
4
5 6 14 8
16 1 2 13
15 4 12 10
11 3 9 7
4
2 12 9 11
1 10 16 8
5 14 7 13
3 6 15 4
1
1 4 7 16
9 3 15 11
2 13 5 14
6 8 10 12
1
9 3 13 11
4 2 14 6
8 16 12 15
1 7 5 10
3
12 1 2 11
8 3 16 14
4 9 6 7
15 10 5 13
3
13 3 14 1
9 5 2 8
16 10 7 6
11 15 4 12
3
2 5 12 10
15 8 1 3
6 13 11 9
7 4 16 14
4
2 16 11 9
13 6 10 12
3 15 8 7
14 5 1 4
4
9 6 2 15
3 8 12 7
16 13 10 11
14 4 1 5
1
5 15 6 11
7 14 12 13
1 2 10 16
9 3 4 8
4
4 14 6 13
2 1 12 5
7 11 9 16
15 8 3 10
4
16 3 11 12
14 7 1 15
5 9 6 2
8 4 10 13
4
10 12 5 11
4 16 9 2
8 3 13 7
15 1 14 6
3
7 13 12 8
15 10 9 4
2 16 1 3
6 14 5 11
3
6 15 3 7
11 1 9 16
14 5 8 4
12 2 10 13
2
12 9 5 13
6 14 1 16
3 2 15 8
4 11 10 7
2
10 11 2 9
14 6 1 5
7 12 16 4
3 8 13 15
1
11 2 16 1
12 3 15 5
10 13 6 14
8 4 9 7
2
13 9 1 8
7 2 15 16
12 14 6 4
11 10 3 5
3
10 13 15 12
4 3 8 2
6 11 7 14
16 9 5 1
4
11 6 4 12
9 10 13 14
1 2 3 7
15 16 5 8
1
16 13 8 2
5 9 14 4
3 12 6 7
10 15 1 11
3
6 13 7 8
12 10 9 3
16 15 14 4
5 1 2 11
4
10 7 4 5
11 6 3 2
13 15 14 16
8 12 9 1
3
16 9 13 6
10 7 3 5
1 4 15 11
12 14 8 2
2
3 16 15 12
11 5 6 13
7 10 9 14
1 4 8 2
3
13 9 2 10
8 1 7 15
12 6 4 16
14 5 11 3
3
4 16 11 1
5 9 13 14
10 3 6 12
8 15 7 2
4
13 2 1 9
14 11 4 7
3 16 8 15
10 6 12 5
2
6 16 11 12
13 4 7 10
15 1 3 2
5 9 14 8
2
15 5 2 3
14 13 7 8
1 11 16 9
12 6 4 10
4
5 9 10 4
11 7 14 12
3 13 6 1
8 2 16 15
2
8 4 10 13
7 3 1 14
12 11 15 2
16 9 5 6
2
4 1 2 3
11 12 8 7
14 6 15 13
5 16 9 10
3
5 2 1 16
13 6 15 9
7 8 12 11
4 10 14 3
4
10 9 2 11
8 4 5 12
16 3 6 1
7 15 14 13
1
13 7 14 8
5 4 6 9
10 11 2 12
3 16 15 1
3
3 1 13 15
11 9 5 2
7 10 4 6
8 14 12 16
1
5 14 11 16
7 10 9 8
12 3 13 2
1 4 6 15
2
14 1 10 2
9 8 15 4
12 5 3 11
7 16 13 6
3
12 15 4 10
7 2 5 8
1 6 11 3
14 13 16 9
4
9 8 15 6
5 14 1 13
3 16 12 2
4 11 7 10
2
14 5 6 12
13 10 3 16
2 7 1 9
8 11 4 15
4
2 13 11 16
12 14 1 6
3 15 10 8
7 4 5 9
2
11 6 2 10
1 5 4 7
3 12 13 8
15 9 14 16
4
8 12 10 3
11 14 15 2
9 4 6 7
16 13 5 1
3
3 4 10 15
12 16 11 8
9 6 2 7
14 1 5 13
3
11 13 2 14
7 1 3 15
8 9 10 12
6 5 4 16
4
3 11 10 14
16 6 1 9
2 4 13 12
5 7 15 8
2
10 11 9 3
4 7 15 1
16 13 12 5
6 2 14 8
4
8 13 10 1
9 12 7 16
15 14 4 5
3 11 2 6
3
4 9 3 6
15 11 5 2
10 14 7 12
16 8 1 13
4
14 10 12 4
2 9 5 16
6 15 13 7
1 3 11 8
4
8 3 5 6
14 4 7 2
1 12 11 15
10 16 13 9
3
6 15 11 5
2 12 14 3
10 9 13 16
8 7 4 1
4
11 4 12 15
2 14 8 7
6 16 5 10
9 3 13 1
3
2 15 3 9
5 6 13 10
16 4 12 8
11 7 1 14
1
4 15 8 3
12 1 2 5
16 9 10 11
7 13 6 14
4
13 7 6 2
14 4 12 3
8 16 15 10
9 11 1 5
4
4 11 14 5
3 6 2 1
10 15 16 13
12 8 9 7
1
1 3 6 10
2 7 15 16
13 12 8 5
9 4 11 14
4
2 12 15 14
9 16 1 5
4 11 7 13
8 10 3 6
3
4 11 5 10
16 3 13 15
8 6 14 2
7 12 9 1
4
2 5 3 10
4 14 13 15
1 12 16 9
6 8 7 11
3
4 7 3 6
8 16 5 2
9 1 13 12
14 10 11 15
3
4 8 5 13
15 1 6 3
12 16 9 14
11 2 10 7
4
14 4 8 1
7 2 16 12
15 5 3 13
11 9 6 10
3
3 11 1 6
16 14 5 15
8 10 9 4
7 12 13 2
3
12 5 15 14
9 1 4 16
8 7 11 3
13 2 10 6
3
11 15 2 10
5 12 7 6
13 3 1 9
16 4 14 8
1
13 15 4 9
1 2 10 7
6 16 5 14
11 12 8 3
1
4 11 2 12
13 10 16 6
15 14 9 8
5 3 1 7
3
14 6 3 13
7 5 10 16
2 11 12 4
9 1 8 15
2
10 7 4 1
2 15 16 9
8 5 13 11
14 3 6 12
4
13 10 15 1
12 7 8 9
2 6 11 16
5 3 14 4
1
15 12 2 11
16 10 4 3
14 9 1 13
5 7 8 6
1
5 9 10 4
15 12 7 6
8 3 13 1
14 11 16 2
1
15 16 13 11
1 6 9 2
12 10 3 7
5 4 14 8
3
5 3 6 8
4 13 14 10
12 1 11 2
16 9 7 15
3
10 11 4 12
8 16 1 5
6 9 14 3
15 2 7 13
4
15 6 1 13
10 14 11 8
16 3 7 9
5 12 2 4
1
8 13 16 12
7 4 2 14
6 11 10 9
3 15 5 1
3
12 11 6 8
7 5 4 10
16 14 9 15
3 13 2 1
2
15 14 10 2
13 3 4 9
6 8 1 11
5 7 12 16
1
16 13 8 5
1 10 4 14
7 2 9 6
11 3 12 15
4
1 16 14 10
13 5 6 2
12 7 15 11
9 3 4 8
3
7 14 11 6
10 5 1 13
9 4 15 3
12 2 8 16
2
16 11 12 2
5 3 14 4
13 1 15 9
6 7 8 10
2
1 15 6 13
7 4 3 5
16 14 12 2
9 10 11 8
4
5 7 11 15
13 10 8 3
16 1 4 12
14 2 9 6
3
13 15 4 5
8 3 11 12
2 6 9 14
16 7 1 10
3
9 8 3 12
10 11 7 5
15 4 16 1
14 13 6 2
4
11 14 4 8
5 13 7 3
9 12 6 2
15 16 1 10
1
15 5 11 8
13 1 4 10
9 7 12 6
14 2 16 3
2
10 13 1 14
7 15 16 2
5 4 12 9
11 3 8 6
3
11 16 5 3
2 10 4 12
6 13 7 15
14 8 1 9
1
14 1 15 8
4 7 9 10
6 13 5 2
11 12 3 16
3
10 14 11 8
9 6 3 12
1 4 2 15
13 7 16 5
3
10 2 9 4
12 5 16 1
14 8 11 7
6 3 15 13
2
8 3 9 7
14 10 16 12
6 1 15 5
11 4 2 13
4
13 11 9 7
10 6 15 8
16 2 4 1
3 5 14 12
4
12 16 3 4
14 5 13 2
8 15 7 9
10 6 1 11
1
15 6 14 3
2 9 8 7
13 5 12 10
16 1 4 11
2
12 2 5 15
7 10 11 4
16 3 14 9
8 1 13 6
2
12 9 7 6
4 15 16 2
14 3 10 11
5 1 8 13
4
14 1 7 9
4 15 6 11
2 16 3 5
8 10 13 12
1
10 16 2 3
6 12 14 9
5 15 1 11
8 7 13 4
1
11 6 7 12
4 3 14 13
5 16 8 1
2 15 9 10
3
4 6 11 12
16 1 15 8
2 5 3 10
9 7 13 14
1
1 13 4 11
10 8 3 16
6 15 14 12
7 9 2 5
1
11 7 3 15
14 8 2 5
10 4 1 16
12 6 9 13
3
15 4 11 10
16 5 7 14
1 6 13 8
3 12 9 2
1
9 11 13 5
4 2 10 12
14 8 7 6
15 3 16 1
1
8 15 7 3
12 6 10 1
11 4 14 2
9 13 16 5
1
2 7 12 16
15 11 3 14
10 5 13 8
9 6 4 1
3
2 14 16 8
3 11 6 12
7 4 10 13
15 1 5 9
3
3 4 6 14
8 13 15 10
9 7 11 5
12 1 2 16
4
1 10 8 13
6 12 7 5
9 2 3 11
14 15 16 4
1
11 2 3 15
14 4 8 6
13 5 1 10
9 16 7 12
1
5 15 14 9
3 1 2 11
4 12 13 16
6 7 8 10
3
7 12 6 13
2 8 4 16
5 15 9 14
10 1 3 11
3
8 3 10 2
9 4 16 15
6 5 12 14
7 13 11 1
4
8 16 12 10
5 13 7 15
4 9 6 11
14 3 2 1
3
9 13 7 3
1 12 8 4
6 16 14 5
2 10 15 11
2
16 2 7 13
14 9 5 11
6 3 4 1
12 10 8 15
2
2 13 6 3
11 4 14 15
16 1 7 8
12 10 9 5
3
10 4 14 3
6 16 15 12
13 2 1 5
8 11 9 7
4
13 7 4 16
14 15 10 11
2 9 12 3
1 5 6 8
1
5 6 8 1
11 15 7 9
14 16 3 12
13 10 4 2
2
10 7 3 5
8 2 6 14
11 9 1 12
16 13 4 15
2
14 1 6 15
2 11 8 9
12 5 4 13
7 10 16 3
3
13 12 16 15
1 11 3 6
5 10 2 9
14 8 7 4
3
2 7 14 13
10 3 5 11
4 6 12 1
8 16 9 15
3
15 3 1 12
13 11 10 6
8 4 7 14
5 16 9 2
1
1 13 12 15
6 5 16 7
10 14 3 8
2 9 4 11
1
12 16 4 10
7 5 11 2
15 14 6 1
3 8 13 9
4
1 13 14 10
9 15 12 16
3 2 4 7
6 8 5 11
3
7 5 11 10
9 15 1 4
12 13 14 6
8 2 16 3
3
16 5 8 3
7 11 13 10
12 9 15 1
4 2 14 6
3
7 16 4 15
10 8 2 5
14 12 3 1
11 9 6 13
4
13 12 14 5
11 9 10 7
2 15 16 1
6 3 8 4
3
6 7 14 3
1 11 16 15
9 2 10 12
5 13 4 8
3
2 1 15 12
6 5 9 11
4 14 13 8
16 7 3 10
3
15 12 8 1
11 4 6 9
2 3 14 5
13 10 16 7
1
6 4 7 8
11 16 13 5
2 1 10 15
3 12 9 14
1
10 8 4 2
11 14 13 16
9 7 1 12
3 15 6 5
1
10 7 12 8
1 11 2 5
3 14 9 16
4 15 6 13
3
4 8 3 2
14 15 6 7
16 9 5 12
13 1 11 10
1
3 2 6 12
8 14 10 16
9 4 1 13
15 7 5 11
1
4 7 5 1
16 9 6 13
2 10 15 14
3 8 11 12
4
4 14 5 8
10 3 12 9
7 13 1 15
6 11 16 2
2
6 10 16 4
14 2 8 13
1 15 7 9
11 12 3 5
2
2 4 15 16
13 11 6 1
12 8 5 3
7 9 10 14
1
13 14 1 3
10 11 16 15
7 2 4 8
6 9 12 5
3
7 1 8 3
15 14 5 12
11 4 9 16
13 2 6 10
1
7 8 16 2
13 9 1 4
15 3 10 11
12 5 14 6
3
1 11 9 13
4 6 10 14
7 8 2 16
5 12 3 15
1
4 7 9 11
12 10 1 14
13 3 16 8
6 15 5 2
3
10 7 16 5
4 13 8 14
6 3 11 1
9 2 15 12
2
9 16 15 3
7 1 5 8
4 10 12 14
13 11 2 6
2
13 4 6 5
3 2 1 7
9 15 16 12
8 14 11 10
