100
18.28878 2.41668 191.66168
305.47636 3.97408 1012.28880
1.08054 3.65392 1999.23411
65.53881 1.52244 768.08590
491.42547 1.39991 1932.38402
385.81126 2.41925 6.36696
495.11831 1.34113 1975.82178
275.01385 1.68237 132.05582
312.0 1.0 728.0
498.65322 1.20820 1930.94116
435.30280 3.83969 131.84513
301.120 3.653 85.31
490.83931 1.17466 1939.87731
144.16512 1.35597 149.48893
271.70674 1.43101 1550.67601
80.18580 3.15502 1281.24740
41.00000 2.00000 82.00000
331.36126 3.09003 1517.73795
491.44245 1.12548 1920.65910
143.00000 2.00000 286.00000
382.0 4.0 1481.0
64.2 3.91 610.95
492.40858 1.31139 1905.91533
495.98221 1.44387 1959.54445
498.09153 1.40815 1936.42656
498.36171 1.10446 1944.41900
490.33680 1.45367 1913.12343
1.36021 3.34045 2.58643
218.38064 3.34422 85.82775
493.93851 1.10182 1910.13277
7.82492 3.99779 724.60992
260.37276 2.7705 91.0
236.3265 1.0 1212.08
495.52510 1.15124 1945.53626
1.07664 3.38174 1999.66766
493.2662 1.5449 425.71
500.00000 3.00000 512.00000
491.49574 1.42308 1960.36936
198.0 2.09778 900.26
492.91217 1.31341 1946.49519
375.07923 2.53658 14.64919
345.52994 1.5 1724.28
492.58894 1.12337 1949.70737
494.94554 1.08295 1935.90485
342.0 4.0 43.0
462.00000 4.00000 473.00000
493.84220 1.14674 1931.61279
82.0 3.37748 1.0
30.00000 2.00000 60.00000
497.25764 1.19723 1955.34804
290.4 3.2 829.95306
393.0 2.0 1961.0
491.89516 1.27092 1938.78935
298.0 3.0 325.0
478.02603 3.84280 1087.73239
17.0 4.0 1179.0
497.54898 1.38776 1932.41436
70.92 3.997 1737.0768
498.97478 1.29779 1959.70477
72.0 1.0 1272.0
110.0 3.0 979.0
334.397 1.7 872.46424
494.55481 1.07618 1915.75934
492.44474 1.17728 1973.10622
23.0 4.0 868.0
373.0 1.0 864.9
493.30433 1.49941 1943.29904
493.57257 1.17492 1988.98800
33.182 4.0 1821.60
1.06873 3.84831 1999.76025
68.67 2.2 2000.000
495.49074 1.27782 1940.95932
500.000 3.828 547.35
208.0 3.0 689.0
27.71896 3.35106 1141.33696
491.44090 1.09759 1962.75172
321.55229 3.94958 320.56584
452.60811 3.97545 1916.40917
491.19962 1.25651 1915.09743
497.02081 1.25043 1916.32981
404.00000 3.00000 452.00000
495.53096 1.46774 1912.80942
432.5924 2.0 1649.4253
498.63826 1.10321 1960.92214
491.56728 1.32880 1932.22203
401.00000 3.00000 447.00000
497.78675 1.41905 1928.05727
493.76549 1.23363 1908.77846
482.0 2.0 1922.0
1.0 2.63 1611.83
1.03626 3.90617 1999.34819
126.52660 3.06245 731.92014
404.0 2.0 205.0
98.00000 2.00000 196.00000
42.34050 1.11990 689.51988
358.58 3.2 1400.8
497.34187 1.39480 1981.64842
339.14472 3.59405 114.96807
81.82508 2.04474 1765.54561
453.0 4.0 973.0
