50
9
0.29 0.45 0.27 0.33 0.02 0.16 0.09 0.19 0.40
0.91 0.79 0.76 0.60 0.84 0.64 0.53 0.96 0.65
1
0.8
0.2
7
0.82 0.94 0.18 0.65 0.53 0.12 0.24
0.47 0.29 0.59 0.35 0.41 0.88 0.06
10
0.47 0.35 0.76 0.71 0.24 0.29 0.65 0.09 0.56 0.12
0.18 0.74 0.15 0.85 0.82 0.88 0.79 0.68 0.53 0.41
10
0.43 0.61 0.68 0.23 0.12 0.77 0.18 0.64 0.50 0.70
0.27 0.63 0.66 0.14 0.39 0.86 0.30 0.55 0.34 0.48
10
0.86 0.69 0.98 0.42 0.27 0.55 0.84 0.41 0.17 0.62
0.78 0.03 0.51 0.44 0.91 0.12 0.16 0.22 0.23 0.45
4
0.33 0.41 0.35 0.15
0.85 0.54 0.61 0.59
10
0.10 0.18 0.51 0.28 0.53 0.22 0.65 0.06 0.76 0.31
0.62 0.49 0.83 0.45 0.92 0.44 0.67 0.50 0.86 0.23
7
0.43 0.29 0.57 0.62 0.71 0.14 0.33
0.90 0.76 0.81 0.95 0.19 0.52 0.05
10
0.34 0.03 0.38 0.43 0.19 0.82 0.61 0.04 0.08 0.12
0.35 0.97 0.42 0.41 0.45 0.09 0.96 0.99 0.81 0.70
1
0.1
0.8
7
0.06 0.12 0.40 0.04 0.02 0.10 0.32
0.64 0.92 0.50 0.54 0.62 0.44 0.72
10
0.11 0.25 0.18 0.30 0.28 0.87 0.03 0.23 0.98 0.72
0.26 0.08 0.82 0.59 0.89 0.79 0.36 0.31 0.41 0.43
7
0.85 0.13 0.69 0.55 0.62 0.15 0.77
0.89 0.44 0.96 0.82 0.76 0.39 0.80
10
0.99 0.40 0.59 0.35 0.83 0.65 0.16 0.95 0.04 0.69
0.43 0.85 0.19 0.48 0.47 0.11 0.05 0.96 0.51 0.81
10
0.17 0.62 0.83 0.85 0.29 0.65 0.19 0.79 0.54 0.94
0.08 0.25 0.46 0.67 0.21 0.52 0.12 0.23 0.27 0.60
10
0.248 0.600 0.838 0.686 0.429 0.886 0.743 0.562 0.114 0.895
0.552 0.800 0.819 0.905 0.505 0.029 0.152 0.286 0.724 0.162
10
0.42 0.31 0.25 0.69 0.19 0.56 0.11 0.83 0.03 0.58
0.33 0.17 0.75 0.61 0.67 0.81 0.06 0.14 0.86 0.47
10
0.36 0.67 0.37 0.92 0.63 0.27 0.16 0.87 0.31 0.89
0.68 0.20 0.44 0.07 0.53 0.35 0.11 0.91 0.60 0.96
2
0.25 0.05
0.90 0.75
3
0.85 0.77 0.15
0.38 0.23 0.54
10
0.076 0.695 0.019 0.857 0.571 0.229 0.790 0.562 0.438 0.990
0.352 0.152 0.286 0.181 0.029 0.038 0.895 0.419 0.533 0.943
10
0.71 0.63 0.67 0.19 0.60 0.10 0.88 0.38 0.27 0.62
0.23 0.44 0.65 0.13 0.75 0.58 0.35 0.08 0.81 0.98
7
0.15 0.90 0.12 0.94 0.46 0.51 0.98
0.73 0.02 0.95 0.33 0.22 0.63 0.25
5
0.09 0.14 0.77 0.59 0.45
0.05 0.18 0.41 0.23 0.27
10
0.62 0.35 0.93 0.69 0.89 0.65 0.44 0.77 0.29 0.92
0.21 0.57 0.87 0.95 0.83 0.41 0.31 0.40 0.38 0.58
10
0.850 0.748 0.813 0.579 0.907 0.514 0.804 0.551 0.477 0.626
0.075 0.187 0.318 0.355 0.178 0.084 0.383 0.103 0.430 0.393
10
0.35 0.62 0.65 0.85 0.92 0.23 0.04 0.12 0.69 0.50
0.96 0.42 0.77 0.58 0.73 0.88 0.46 0.08 0.27 0.31
6
0.61 0.44 0.92 0.08 0.31 0.69
0.39 0.47 0.58 0.22 0.17 0.56
7
0.32 0.29 0.15 0.12 0.85 0.03 0.50
0.47 0.56 0.68 0.24 0.06 0.26 0.18
10
0.91 0.73 0.80 0.58 0.62 0.42 0.02 0.31 0.98 0.29
0.51 0.27 0.44 0.76 0.56 0.24 0.22 0.82 0.53 0.40
10
0.46 0.42 0.50 0.85 0.31 0.23 0.77 0.54 0.15 0.88
0.81 0.27 0.92 0.69 0.58 0.62 0.04 0.73 0.96 0.35
10
0.590 0.171 0.905 0.667 0.952 0.714 0.867 0.105 0.390 0.286
0.381 0.238 0.410 0.200 0.371 0.819 0.324 0.543 0.019 0.924
10
0.54 0.77 0.60 0.43 0.75 0.81 0.92 0.68 0.48 0.97
0.41 0.02 0.09 0.19 0.24 0.36 0.25 0.07 0.37 0.10
1
0.8
0.2
8
0.69 0.03 0.66 0.92 0.11 0.14 0.48 0.45
0.06 0.42 0.95 0.55 0.25 0.18 0.88 0.46
10
0.648 0.819 0.562 0.543 0.657 0.981 0.800 0.733 0.400 0.571
0.171 0.162 0.248 0.133 0.210 0.181 0.390 0.362 0.257 0.238
6
0.92 0.08 0.54 0.62 0.31 0.69
0.46 0.23 0.38 0.85 0.77 0.15
10
0.05 0.45 0.86 0.64 0.73 0.68 0.27 0.32 0.09 0.55
0.23 0.18 0.36 0.91 0.59 0.82 0.14 0.50 0.77 0.41
3
0.04 0.22 0.63
0.33 0.78 0.93
10
0.43 0.53 0.16 0.24 0.99 0.51 0.78 0.27 0.60 0.25
0.98 0.48 0.82 0.54 0.35 0.62 0.80 0.10 0.94 0.81
10
0.53 0.15 0.41 0.43 0.28 0.54 0.36 0.61 0.29 0.13
0.60 0.62 0.33 0.79 0.34 0.52 0.78 0.84 0.82 0.16
10
0.02 0.17 0.32 0.18 0.30 0.45 0.05 0.38 0.48 0.40
0.60 0.82 0.65 0.53 0.75 0.90 0.98 0.80 0.52 0.87
10
0.632 0.043 0.496 0.761 0.291 0.265 0.034 0.171 0.205 0.427
0.684 0.342 0.504 0.248 0.906 0.197 0.556 0.179 0.855 0.769
10
0.69 0.49 0.62 0.92 0.59 0.64 0.46 0.97 0.82 0.79
0.03 0.13 0.28 0.44 0.26 0.21 0.36 0.41 0.08 0.15
1
0.3
0.8
2
0.75 0.20
0.95 0.85
10
0.98 0.44 0.29 0.18 0.60 0.78 0.42 0.20 0.56 0.09
0.53 0.02 0.22 0.73 0.27 0.69 0.13 0.64 0.91 0.89
3
0.96 0.79 0.75
0.57 0.43 0.32
1
0.82
0.27
