20
827 994 940
20
262 846 390
19 543 52
839 400 405
23 859 592
420 513 357
562 331 218
497 141 492
748 632 524
15 722 48
80 521 176
815 533 62
508 51 171
19 291 136
674 895 157
325 10 62
209 362 439
12 50 10
88 373 711
13 58 274
287 342 443
855 390 629
20
387 456 303
689 97 355
440 293 297
33 777 143
148 769 21
729 811 907
17 954 233
761 15 172
102 38 21
22 199 198
614 916 620
42 56 55
603 32 829
139 53 968
689 168 61
14 680 22
952 147 134
307 632 625
290 57 773
10 13 152
713 395 742
20
23 71 10
354 698 38
138 691 869
44 11 726
166 974 477
375 331 445
426 182 17
938 288 685
10 371 432
30 808 202
955 279 805
678 408 752
430 62 748
269 19 174
636 317 203
266 296 676
13 582 811
260 812 11
43 805 113
813 492 552
197 605 392
20
291 432 777
994 340 355
166 146 272
831 109 693
226 501 21
884 12 632
90 181 105
18 977 431
46 558 526
142 272 660
439 315 284
13 269 254
92 164 320
207 902 232
137 529 535
126 815 388
74 450 917
584 405 150
10 224 589
530 282 795
536 749 776
20
55 10 724
122 264 654
10 980 98
494 242 170
159 814 813
615 278 95
251 298 381
310 43 52
735 913 69
195 29 266
15 324 268
12 831 11
19 148 12
30 323 24
417 186 702
799 890 338
79 615 470
540 62 142
206 132 220
347 15 916
201 548 847
20
216 624 923
662 104 10
910 123 865
577 48 802
109 200 929
411 12 198
162 13 43
544 150 494
156 746 353
146 25 126
50 42 16
747 210 189
244 40 83
368 16 942
606 203 442
13 908 775
276 35 401
384 559 659
657 43 216
29 210 622
100 100 100
5
40 70 30
30 10 40
20 20 50
10 50 90
40 10 20
410 787 593
20
157 816 309
51 78 20
281 125 720
29 881 205
91 476 664
552 985 252
414 753 58
98 261 469
684 57 494
206 276 570
233 731 655
16 226 814
28 617 242
756 600 176
292 259 708
949 52 312
11 452 87
448 919 291
20 20 20
281 54 17
401 536 646
20
706 58 262
48 13 296
716 181 182
73 362 146
42 629 451
74 37 13
61 486 435
742 480 405
353 14 54
166 119 607
14 408 181
12 425 17
121 661 194
327 499 633
11 234 103
14 624 86
114 491 84
482 610 88
15 19 722
11 293 688
788 804 781
20
447 71 70
274 994 525
577 199 427
543 963 263
438 11 11
484 844 38
54 125 371
123 10 217
797 403 18
41 527 163
487 10 171
16 762 912
10 932 68
694 118 222
759 10 22
670 917 553
107 871 413
119 82 410
614 472 670
230 100 99
292 264 512
20
909 302 261
705 597 823
291 51 126
28 697 57
593 31 826
311 256 57
292 14 47
29 730 716
12 529 146
768 16 439
37 472 15
350 192 34
163 468 238
69 173 10
203 72 690
424 875 213
223 593 292
151 46 10
88 90 16
773 653 711
524 829 430
20
45 392 93
140 56 30
29 42 621
249 829 584
886 53 26
691 215 765
174 160 477
65 481 367
62 239 741
48 361 10
950 657 395
82 712 883
202 21 249
973 273 110
123 277 871
11 15 67
65 192 182
730 28 717
168 952 720
55 829 760
686 595 72
20
484 559 115
352 42 892
44 674 953
686 616 366
992 981 409
421 30 197
744 359 16
716 150 327
50 518 235
207 212 177
20 430 588
551 690 970
25 238 408
44 14 140
68 708 337
235 952 283
68 851 120
21 790 505
275 336 987
131 552 16
771 534 961
20
291 72 444
15 249 256
192 25 311
325 131 10
66 10 67
969 135 19
360 43 129
187 104 756
105 226 694
179 41 837
359 762 422
278 241 278
534 53 29
314 123 740
820 299 60
562 920 100
17 16 211
11 64 16
125 562 929
661 269 546
734 644 887
20
676 968 23
946 215 329
122 851 31
219 99 845
311 57 422
229 117 452
114 78 48
329 388 63
855 924 12
335 774 659
463 361 424
308 947 550
191 252 239
10 245 760
133 369 824
860 193 530
10 485 782
487 197 15
852 61 373
118 426 365
978 383 580
20
58 445 25
462 16 364
44 639 37
22 876 239
437 128 293
540 588 21
304 22 249
310 957 587
29 589 10
99 983 763
96 49 987
119 10 62
654 53 10
151 435 15
13 300 449
399 656 102
10 158 322
215 688 112
10 116 576
207 283 517
905 801 686
20
96 702 733
255 767 766
813 66 80
561 418 216
37 778 95
765 818 433
869 761 45
270 635 304
623 356 44
871 407 13
12 303 607
972 148 951
374 280 16
179 191 583
38 552 19
22 91 66
243 981 10
13 171 864
91 11 129
168 728 757
181 750 819
20
60 10 576
303 39 917
158 159 42
16 499 333
115 959 782
841 229 358
142 10 742
181 750 819
53 588 951
668 160 18
10 66 238
865 416 10
374 107 988
149 926 470
59 223 914
11 564 201
23 24 28
10 359 455
818 159 841
132 963 10
737 308 815
20
11 117 72
13 23 13
220 939 229
215 852 88
20 563 36
544 713 524
98 626 333
15 401 270
35 232 110
546 458 955
25 351 194
27 239 494
675 206 38
40 107 844
16 69 753
431 504 123
33 10 11
938 82 14
151 186 974
230 174 22
588 838 678
20
314 743 943
659 696 10
10 10 352
223 53 91
733 594 19
384 64 487
15 11 770
569 639 471
590 613 747
777 99 217
12 666 132
396 456 914
186 72 157
505 952 153
143 56 197
380 988 876
869 213 672
76 388 744
68 504 684
833 56 709
