100
2 3 2
1 1 1
2 1 1
2 1 2
3 2 3
70 1 20
10 12 9
8 1 1
94 8 64
3 2 1
4 4 1
100 1 100
10 18 1
3 2 2
1 20 1
9 1 9
1 4 1
100 1 99
4 1 3
3 37 1
42 8 10
100 7 14
100 1 1
71 6 3
1 99 1
10 5 1
3 3 1
21 6 3
4 2 2
100 3 33
12 4 1
21 6 4
54 5 11
80 8 10
71 9 8
4 29 1
2 2 1
2 4 1
54 5 10
1 97 1
1 2 1
84 5 1
38 6 16
5 2 2
14 8 3
3 1 3
4 19 2
9 18 1
1 93 1
4 2 1
47 7 19
60 10 58
20 3 15
71 9 7
1 7 1
100 9 12
3 29 2
71 1 70
68 1 56
3 4 1
14 7 2
100 2 50
59 5 55
4 3 2
4 1 4
8 16 5
43 4 28
80 8 9
2 59 1
1 100 1
34 10 9
12 11 11
10 5 2
100 2 49
92 8 59
100 3 34
100 7 15
25 4 9
5 17 1
50 5 39
71 1 71
7 20 5
70 1 38
22 4 21
17 8 17
100 4 24
14 7 1
39 5 12
100 4 25
3 1 2
2 3 1
54 3 16
1 3 1
40 8 9
51 7 36
9 1 8
86 5 43
4 3 1
100 9 11
99 8 64
