100
2 3 2
1 1 1
2 1 2
3 2 3
4 29 4
98 6 98
34 9 34
81 3 81
3 30 3
27 5 27
10 5 10
7 16 7
10 11 10
22 5 22
34 4 34
62 5 62
100 1 100
63 7 63
1 100 1
3 37 3
4 3 4
3 4 3
8 8 8
1 74 1
57 9 57
27 1 27
73 1 73
14 7 14
5 11 5
58 5 58
2 4 2
6 6 6
1 70 1
99 9 99
53 3 53
3 23 3
100 2 100
2 5 2
2 23 2
6 10 6
11 5 11
100 9 100
91 5 91
100 3 100
44 8 44
76 8 76
7 19 7
93 7 93
21 11 21
67 1 67
3 1 3
18 4 18
25 3 25
64 3 64
1 2 1
2 59 2
44 1 44
1 52 1
67 8 67
10 18 10
83 2 83
3 24 3
1 91 1
2 2 2
12 11 12
4 6 4
80 8 80
4 4 4
100 4 100
44 10 44
68 8 68
94 8 94
99 1 99
1 3 1
8 10 8
1 4 1
3 3 3
94 3 94
11 17 11
86 5 86
1 25 1
1 32 1
66 1 66
84 3 84
49 4 49
47 4 47
95 8 95
93 4 93
4 1 4
76 9 76
25 6 25
11 1 11
1 98 1
84 8 84
2 48 2
55 2 55
4 2 4
4 25 4
72 4 72
92 8 92
