679 885
276 603
6 275
901 254
21 673
995 253
508 422
650 153
319 53
448 160
938 988
728 904
800 43
9 42
996 273
761 916
56 858
308 824
345 299
925 508
200 421
848 843
356 855
673 330
114 261
714 486
615 165
750 445
792 590
456 841
372 794
76 242
983 265
331 27
680 879
566 53
402 319
317 148
331 355
197 770
748 277
863 683
763 383
823 917
738 610
301 797
803 681
264 964
857 857
929 323
921 878
279 8
600 604
673 658
514 960
535 950
127 271
236 341
891 953
193 830
770 83
530 285
348 16
928 543
2 836
456 246
257 816
997 386
84 745
124 427
276 62
709 865
876 280
431 217
314 285
835 119
374 55
567 140
945 337
114 416
851 336
290 151
97 989
207 766
710 361
353 860
692 969
972 675
451 913
730 835
243 996
244 413
822 152
993 704
727 633
795 381
572 282
225 318
454 843
942 273
