50
2
2 2
3
3 2 2
3
1 1 2
3
2 3 1
26
20 1 20 1 20 1 20 1 20 1 20 1 20 1 20 1 20 1 20 1 20 1 20 1 20 1
3
2 1 3
7
133 138 137 141 130 159 161
26
279 255 26 24 22 19 15 23 18 16 22 16 20 22 27 12 20 24 20 21 19 18 16 12 16 18
26
137 148 146 139 20 21 22 13 22 26 24 24 27 14 14 14 23 22 26 21 22 13 13 21 20 8
24
45 43 38 46 38 50 30 37 40 41 33 49 45 42 47 30 37 41 46 41 38 45 46 47
26
14 13 13 130 12 118 29 15 19 16 22 21 19 120 22 23 19 15 24 120 25 122 27 18 11 13
3
2 4 2
26
41 40 38 42 49 29 34 47 38 29 32 35 39 39 46 26 33 28 47 43 35 49 42 32 35 52
26
25 1 1 1 1 1 1 1 1 1 1 1 1 1 1 1 1 1 1 1 1 1 1 1 1 1
26
42 40 35 47 39 33 44 37 36 44 29 35 40 35 39 34 48 41 32 51 21 42 43 34 37 38
6
149 155 177 166 181 164
26
45 32 47 36 35 36 40 40 36 45 35 41 28 37 32 34 47 44 40 32 51 33 47 40 37 30
16
1 15 1 1 1 1 1 1 1 1 1 1 1 1 1 1
3
1 2 2
26
33 44 39 46 39 40 39 35 26 43 38 40 37 43 30 49 47 34 39 26 44 31 33 45 40 40
3
3 1 3
3
2 3 4
6
161 180 152 174 174 158
26
35 26 42 31 45 33 35 38 51 46 36 46 48 39 23 32 32 43 45 38 29 45 38 43 40 41
18
56 64 50 40 53 43 66 55 66 54 54 56 53 38 49 57 60 77
14
83 65 72 81 74 61 80 85 62 74 58 62 71 70
11
78 96 84 106 98 83 88 100 90 97 76
26
1 1 1 1 1 1 1 1 1 1 1 1 1 1 1 1 1 1 1 1 1 1 1 1 1 1
3
2 2 3
26
22 25 13 28 16 18 15 16 19 13 22 28 21 261 24 25 29 269 12 18 13 16 16 21 19 21
26
47 41 56 31 32 35 36 42 36 36 35 38 33 45 42 25 46 36 37 40 29 50 36 33 43 40
11
82 100 96 91 105 99 83 90 86 93 70
26
12 23 21 26 20 19 17 18 19 21 21 161 13 18 21 14 22 129 26 144 19 133 19 20 18 26
15
72 57 60 63 66 65 74 67 65 71 75 75 58 59 71
26
111 112 142 106 117 19 25 19 22 16 19 19 29 19 16 21 10 14 23 17 16 22 29 14 23 20
26
45 36 31 45 39 35 35 35 36 30 45 40 38 49 42 33 37 38 39 49 38 42 37 33 38 35
26
38 43 43 35 46 41 41 31 49 31 35 40 36 27 40 40 35 45 41 29 44 47 31 36 40 31
3
3 2 3
26
39 43 38 38 43 41 33 38 48 38 35 37 36 29 39 39 45 38 48 34 38 34 33 37 42 37
10
9 1 9 1 9 1 9 1 9 1
3
4 2 3
4
249 254 243 254
3
1 2 3
22
35 44 43 42 38 48 34 45 44 43 44 44 46 51 49 50 47 53 53 52 47 42
26
50 34 40 33 45 43 48 41 36 36 29 41 42 34 41 40 38 37 39 30 50 37 33 23 43 37
26
28 37 34 31 33 33 46 44 40 37 34 44 51 27 38 49 39 31 43 32 43 30 49 39 40 48
3
4 1 3
3
4 3 1
26
15 112 19 19 20 23 11 17 14 20 15 23 14 21 21 114 26 125 19 129 18 125 16 25 18 21
15
57 72 68 68 70 76 72 65 69 50 64 77 63 68 61
