100
5 4
2 1
4 20
7 5
7 3
7 7
50 281474976710655
8 26
7 20
43 452891523437
7 16
24 3009164
7 23
38 31995098923
7 17
7 27
7 29
7 10
7 24
7 21
7 28
27 11310554
20 43455
7 9
7 2
7 11
12 56
50 140737488355328
35 4999381290
31 282268269
30 9427821
8 15
2 2
12 907
7 14
40 91849519172
31 48347278
44 4262524253772
30 42726480
4 5
38 26136959511
50 999999999999999999
7 32
25 252525
10 177
7 18
3 1
7 13
18 44351
7 19
10 30
49 281474976710656
21 401920
4 2
7 33
7 31
4 1
7 6
50 281474976710656
22 120097
9 21
50 105553116266496
50 281474976710657
30 175022380
25 5166452
36 3773334548
35 4389422931
7 12
46 12612333588438
50 1
22 834436
30 139822837
7 25
25 1000000000000000000
3 3
7 30
36 12899291898
25 8388609
50 1000000000000000000
4 4
7 22
23 799682
33 1524019412
49 140737488355329
7 26
49 140737488355328
7 8
38 62361295177
26 1592681
7 1
3 2
39 8339876780
47 3037958562473
44 1052667781482
38 26560442916
2 1000000000000000000
25 5824428
7 15
4 3
7 4
