100
1 1 1 10
1 2 3 2
1 1 3 2
1 2 3 1
2 7 10 1
1 1 2 10
2 4 4 4
4 7 9 10
1 2 3 7
2 2 6 8
2 3 3 1
2 3 3 3
1 1 1 2
1 2 8 4
1 1 10 10
6 6 8 5
4 4 4 7
2 3 10 4
3 3 5 5
1 10 10 10
1 1 1 9
1 1 3 7
1 1 9 4
2 2 4 1
1 1 4 8
2 3 3 9
1 1 2 3
9 9 10 3
10 10 10 10
2 4 10 9
2 2 7 10
10 10 10 2
6 9 10 2
1 3 6 4
1 1 6 5
4 5 8 8
1 2 3 6
6 7 10 8
7 8 9 10
2 3 7 7
9 9 10 1
1 7 9 9
1 2 5 6
4 6 7 6
3 3 5 8
1 3 8 7
3 4 7 6
7 8 9 3
2 3 4 8
1 1 10 3
4 7 8 1
1 4 10 7
2 3 3 2
9 9 10 10
9 9 10 2
1 1 10 2
1 10 10 3
1 1 6 10
2 3 3 10
1 1 10 1
2 2 10 3
4 6 6 5
4 4 7 4
1 1 4 2
2 6 8 9
1 1 3 8
10 10 10 9
2 2 9 1
1 1 1 7
1 4 5 1
1 1 1 3
1 3 8 8
1 10 10 9
10 10 10 1
1 10 10 2
3 10 10 4
1 1 3 6
2 3 9 3
4 5 6 1
1 1 1 4
2 3 8 4
1 6 9 1
1 10 10 1
2 2 4 7
2 2 10 9
2 3 3 6
4 5 6 7
7 8 9 1
10 10 10 3
9 9 10 9
1 5 6 1
1 1 10 7
1 1 2 1
1 2 2 6
1 1 10 9
1 1 8 7
3 5 5 5
7 8 9 9
7 8 9 2
6 7 7 10
