100
2 2
0.50 0.50
4 2
0.00 0.00 1.00 1.00
3 2
0.50 0.75 1.00
16 10
0.01 0.01 0.00 0.01 0.01 0.00 0.00 0.02 0.01 0.02 0.00 0.01 0.02 0.00 0.02 0.00
8 2
1.00 1.00 1.00 0.00 0.00 1.00 1.00 1.00
4 4
1.00 1.00 0.00 0.00
16 8
0.00 0.94 0.01 0.02 0.05 0.05 0.09 0.09 0.09 0.11 0.53 0.01 0.86 0.46 0.07 0.77
16 2
0.49 0.48 0.62 0.39 0.48 0.43 0.65 0.51 0.31 0.45 0.53 0.52 0.39 0.47 0.64 0.68
16 8
0.06 0.50 0.00 0.23 0.01 0.44 0.00 0.00 0.31 0.00 0.00 0.26 0.00 0.00 0.01 0.31
16 8
0.67 0.03 0.07 0.63 0.02 0.08 0.03 0.67 0.08 0.62 0.02 0.02 0.05 0.05 0.01 0.07
16 8
0.34 0.54 0.51 0.29 0.54 0.31 0.37 0.35 0.35 0.44 0.33 0.51 0.43 0.38 0.32 0.52
16 8
0.45 0.61 0.49 0.46 0.62 0.58 0.46 0.57 0.55 0.53 0.62 0.52 0.62 0.47 0.53 0.42
16 6
0.09 0.67 0.03 0.02 0.09 0.63 0.04 0.01 0.05 0.07 0.02 0.10 0.07 0.63 0.07 0.65
16 2
0.01 0.01 0.00 0.00 0.02 0.01 0.01 0.00 0.02 0.01 0.02 0.00 0.02 0.01 0.02 0.00
16 12
0.00 0.08 0.03 0.00 0.06 0.01 0.07 0.01 0.08 0.06 0.61 0.08 0.60 0.09 0.61 0.63
2 2
1.00 1.00
16 10
0.52 0.83 0.12 0.81 0.84 0.72 0.83 0.52 0.97 0.83 0.42 0.67 0.96 0.02 0.54 0.81
16 8
0.93 0.93 0.06 1.00 0.95 0.09 0.09 0.99 0.95 0.06 0.98 0.02 0.03 0.09 0.90 0.10
8 6
0.00 0.00 1.00 0.00 1.00 1.00 1.00 1.00
8 2
1.00 1.00 1.00 1.00 1.00 1.00 1.00 1.00
16 14
0.67 0.00 0.64 0.61 0.62 0.61 0.63 0.07 0.61 0.69 0.60 0.07 0.61 0.02 0.60 0.65
8 4
1.00 1.00 0.00 1.00 0.00 1.00 1.00 1.00
16 14
1.00 0.99 1.00 1.00 0.98 0.99 1.00 1.00 0.99 0.98 0.99 0.98 0.98 0.98 0.99 1.00
16 6
0.42 0.65 0.60 0.39 0.65 0.46 0.62 0.51 0.31 0.48 0.31 0.62 0.54 0.58 0.36 0.49
12 4
0.02 0.50 0.75 0.87 0.30 0.28 0.93 0.75 0.84 0.22 0.52 0.67
16 8
0.69 0.69 0.64 0.09 0.65 0.70 0.63 0.08 0.63 0.06 0.69 0.63 0.07 0.69 0.61 0.63
3 2
0.60 0.40 0.50
16 10
0.39 0.30 0.68 0.58 0.35 0.50 0.52 0.41 0.41 0.45 0.47 0.47 0.49 0.33 0.30 0.55
8 6
1.00 1.00 1.00 0.00 1.00 1.00 0.00 1.00
16 4
0.68 0.62 0.66 0.07 0.61 0.61 0.60 0.03 0.68 0.05 0.03 0.62 0.63 0.66 0.64 0.70
8 2
0.00 1.00 1.00 1.00 1.00 1.00 1.00 1.00
16 6
0.01 0.01 0.02 0.00 0.01 0.00 0.02 0.01 0.02 0.01 0.01 0.02 0.01 0.00 0.02 0.01
4 2
0.01 0.01 0.99 0.98
8 4
1.00 1.00 1.00 1.00 1.00 1.00 1.00 0.00
16 8
0.13 0.42 0.13 0.48 1.00 1.00 0.30 0.29 0.99 0.99 0.36 1.00 0.99 0.98 0.99 0.02
16 8
0.51 0.33 0.43 0.44 0.37 0.32 0.38 0.35 0.31 0.53 0.35 0.34 0.51 0.29 0.54 0.54
16 8
0.61 0.81 0.92 0.99 0.98 0.98 1.00 0.97 0.98 0.93 1.00 0.89 0.98 0.99 0.87 0.51
16 14
0.75 0.71 0.20 0.32 0.17 0.70 0.63 0.64 0.48 0.10 0.99 0.61 0.41 0.21 0.91 0.84
16 10
0.01 0.61 0.68 0.63 0.64 0.64 0.61 0.70 0.60 0.66 0.65 0.06 0.03 0.05 0.62 0.65
16 8
0.55 1.00 0.65 0.67 0.90 1.00 1.00 0.50 0.98 0.93 0.52 1.00 0.99 1.00 0.63 0.98
4 4
0.50 0.50 0.50 0.50
4 4
0.01 0.98 0.01 0.99
16 10
0.55 0.54 0.49 0.44 0.46 0.40 0.41 0.54 0.43 0.57 0.41 0.42 0.40 0.49 0.44 0.52
16 6
0.88 0.91 0.08 0.29 0.40 0.65 0.98 0.61 0.12 0.18 0.57 0.32 0.21 0.67 0.76 0.63
16 2
0.00 0.06 0.63 0.05 0.01 0.60 0.09 0.07 0.09 0.09 0.64 0.06 0.02 0.67 0.06 0.10
8 4
1.00 1.00 1.00 1.00 1.00 1.00 1.00 1.00
4 2
0.00 0.02 0.00 0.00
16 10
0.04 0.02 0.69 0.10 0.65 0.04 0.08 0.62 0.00 0.06 0.06 0.68 0.08 0.01 0.08 0.09
16 2
0.49 0.49 0.49 0.49 0.51 0.51 0.49 0.49 0.50 0.49 0.50 0.50 0.51 0.50 0.50 0.51
8 4
0.00 0.00 0.00 1.00 0.00 1.00 1.00 1.00
16 8
0.82 0.92 0.00 0.02 0.77 0.70 0.02 0.70 0.70 0.66 0.02 0.54 0.01 0.01 0.00 0.02
3 2
0.80 0.50 0.30
16 14
0.01 0.02 0.05 0.05 0.01 0.04 0.02 0.00 0.00 0.04 0.08 0.01 0.69 0.67 0.69 0.65
4 2
0.00 1.00 0.00 0.00
16 10
0.50 0.49 0.49 0.50 0.51 0.51 0.51 0.50 0.50 0.51 0.50 0.51 0.50 0.49 0.49 0.49
3 2
0.50 0.50 0.50
16 14
0.50 0.50 0.51 0.49 0.49 0.49 0.50 0.49 0.50 0.49 0.51 0.51 0.50 0.50 0.51 0.51
4 2
1.00 1.00 1.00 0.00
16 10
0.55 0.52 0.40 0.54 0.49 0.39 0.41 0.46 0.42 0.57 0.49 0.43 0.44 0.41 0.54 0.44
16 8
0.49 0.55 0.54 0.55 0.51 0.49 0.55 0.48 0.55 0.54 0.50 0.49 0.51 0.55 0.51 0.52
16 6
0.67 0.66 0.63 0.04 0.07 0.62 0.64 0.62 0.63 0.69 0.08 0.05 0.67 0.61 0.70 0.61
8 2
0.00 1.00 1.00 1.00 1.00 1.00 0.00 0.00
16 8
0.03 0.99 0.03 0.07 0.92 0.07 0.97 0.94 0.90 0.94 0.02 0.08 0.97 0.01 1.00 0.09
16 8
0.55 0.49 0.55 0.51 0.54 0.48 0.54 0.55 0.48 0.51 0.50 0.49 0.55 0.55 0.52 0.51
16 2
1.00 0.98 0.98 1.00 0.99 0.99 0.99 0.99 0.99 0.98 0.98 0.99 0.98 0.99 0.99 0.98
2 2
0.00 0.50
16 10
1.00 0.98 0.98 0.99 0.99 0.99 0.99 1.00 0.98 0.99 1.00 0.98 1.00 1.00 0.98 0.98
16 2
0.93 0.28 0.60 0.26 0.90 0.69 0.53 0.24 0.11 0.27 0.61 0.56 0.83 0.79 0.91 0.84
12 6
0.95 0.15 0.98 0.22 0.84 0.55 0.06 0.31 0.17 0.43 0.23 0.60
16 2
0.08 0.65 0.63 0.63 0.10 0.05 0.65 0.67 0.64 0.09 0.64 0.60 0.65 0.69 0.65 0.62
16 6
1.00 0.99 0.98 0.98 0.99 1.00 0.99 0.98 0.99 1.00 1.00 0.98 1.00 0.98 1.00 0.98
16 10
0.27 0.44 0.40 0.33 0.48 0.67 0.65 0.59 0.29 0.30 0.66 0.39 0.25 0.62 0.41 0.39
2 2
0.00 0.00
3 2
0.10 0.50 0.80
2 2
0.00 1.00
2 2
0.05 0.45
3 2
0.00 1.00 0.00
4 2
0.00 0.02 0.00 1.00
16 12
0.70 0.67 0.02 0.01 0.60 0.60 0.04 0.62 0.65 0.69 0.66 0.61 0.60 0.03 0.61 0.64
16 8
0.46 0.47 0.57 0.58 0.49 0.47 0.61 0.62 0.53 0.53 0.52 0.42 0.55 0.62 0.45 0.62
3 2
0.04 0.01 0.02
8 4
1.00 0.00 1.00 1.00 0.00 0.00 1.00 1.00
4 2
0.00 0.00 0.00 0.00
12 6
0.59 0.90 0.68 0.52 0.02 0.63 0.29 0.48 0.75 0.14 0.23 0.09
16 10
0.39 0.25 0.62 0.39 0.33 0.65 0.30 0.40 0.27 0.66 0.29 0.67 0.44 0.60 0.48 0.41
16 8
0.02 0.71 0.00 0.02 0.73 0.63 0.75 0.01 0.74 0.01 0.01 0.95 0.50 0.02 0.84 0.00
8 6
0.00 1.00 1.00 0.00 0.00 0.00 1.00 1.00
4 2
0.98 1.00 0.00 1.00
16 8
0.08 0.94 1.00 0.90 0.94 0.96 0.06 0.90 0.01 0.99 0.90 0.02 0.07 0.05 0.02 0.05
16 8
0.00 0.09 0.06 0.86 0.47 0.32 0.04 0.99 0.08 0.02 0.08 0.89 0.08 0.03 0.33 0.01
16 4
0.03 0.05 0.04 0.01 0.10 0.00 0.10 0.09 0.01 0.61 0.65 0.02 0.65 0.08 0.07 0.68
8 6
1.00 1.00 0.00 1.00 1.00 1.00 1.00 1.00
16 14
0.45 0.64 0.37 0.62 0.39 0.47 0.66 0.60 0.54 0.45 0.42 0.67 0.54 0.33 0.34 0.48
16 8
1.00 1.00 0.34 0.40 0.25 0.47 0.11 0.22 1.00 0.16 0.06 0.99 0.99 0.98 0.99 0.99
16 8
0.16 0.02 0.01 0.02 0.17 0.02 0.00 0.02 0.08 0.01 0.36 0.02 0.11 0.11 0.02 0.36
16 6
0.51 0.49 0.49 0.50 0.49 0.49 0.50 0.50 0.51 0.50 0.51 0.49 0.49 0.50 0.50 0.50
8 6
1.00 1.00 1.00 1.00 1.00 1.00 1.00 1.00
8 2
1.00 1.00 1.00 0.00 0.00 0.00 1.00 0.00
16 14
0.01 0.02 0.01 0.02 0.00 0.01 0.00 0.01 0.00 0.01 0.00 0.00 0.01 0.00 0.02 0.00
16 8
0.10 0.03 0.05 0.05 0.41 0.08 0.94 0.10 0.09 0.72 0.01 0.74 0.24 0.79 0.01 0.07
