100
1 1
1 4 3 2
1 3
1 8 2 7 3 4 5 6
2 2
8 1 4 5 2 3 7 6
1 1
1 3 2 4
4 4
9 8 10 13 12 11 16 1 7 2 5 4 14 15 3 6
3 2
7 6 9 8 3 2 4 5 1 10
16 1
14 13 12 23 9 10 20 21 4 33 29 6 32 31 27 28 11 26 15 22 19 16 5 30 8 7 1 2 25 24 34 3 17 18
1 14
14 13 16 29 24 21 19 18 7 6 4 3 30 1 27 28 15 8 9 12 22 23 25 26 10 11 2 5 20 17
8 2
8 15 11 10 1 4 3 2 13 14 9 12 5 18 6 17 16 7 19 20
1 16
19 16 21 22 28 7 29 4 14 15 5 6 30 3 20 13 12 11 26 9 25 10 31 2 1 32 18 17 24 23 34 33 27 8
8 2
14 11 1 20 5 18 12 13 16 7 2 19 8 15 9 10 3 4 17 6
3 5
7 4 16 11 3 8 10 1 6 5 15 12 14 13 9 2
3 5
15 14 5 6 10 11 7 2 12 13 3 4 9 8 1 16
1 16
22 23 25 24 6 5 27 26 15 18 10 9 12 11 4 31 2 1 16 17 32 3 8 7 19 20 14 13 21 28 33 34 30 29
2 4
6 3 12 9 7 2 10 11 4 5 1 8
1 3
6 7 2 3 5 4 8 1
2 8
18 19 11 10 13 6 1 2 9 12 3 16 7 8 15 4 17 20 5 14
2 3
4 5 2 3 6 7 9 8 10 1
2 4
8 9 4 3 11 10 6 5 2 7 1 12
4 4
10 13 14 15 16 1 4 5 11 12 7 6 2 3 8 9
1 8
15 2 14 3 4 13 6 11 9 8 17 18 12 5 10 7 1 16
2 2
7 6 5 8 1 2 3 4
4 2
6 7 1 12 2 3 8 9 10 5 4 11
2 1
4 5 1 6 2 3
1 7
12 3 6 9 1 14 7 8 5 10 13 2 11 4 16 15
8 2
16 7 2 3 9 14 18 19 6 5 12 11 8 15 13 10 4 1 20 17
7 1
4 9 13 14 15 2 5 6 10 3 12 11 8 7 1 16
4 1
8 5 6 7 1 2 9 4 3 10
16 1
30 31 28 29 32 33 12 11 18 17 4 5 27 8 19 20 9 10 7 6 16 15 3 34 24 23 25 26 1 2 13 14 22 21
3 1
3 4 5 2 8 1 6 7
3 2
7 6 9 4 10 1 5 8 3 2
3 1
6 5 8 7 2 1 4 3
2 8
12 7 16 15 4 1 5 14 17 20 10 9 6 13 19 18 8 11 2 3
2 8
19 18 12 9 17 20 16 3 5 14 8 7 15 4 2 1 10 11 13 6
2 8
12 11 13 6 20 1 10 7 17 18 8 9 3 16 15 4 5 14 19 2
1 16
6 29 16 19 18 17 11 24 23 12 22 13 30 5 10 25 34 1 20 15 3 32 33 2 27 8 28 7 26 9 21 14 31 4
7 2
8 9 4 5 11 10 3 2 17 16 13 6 1 18 12 7 14 15
8 1
10 11 4 3 1 6 9 8 16 13 7 12 5 2 14 15 17 18
2 4
8 5 3 4 7 6 12 11 10 9 2 1
2 4
9 4 3 2 10 11 1 12 8 7 6 5
2 4
4 9 1 12 2 11 5 8 6 7 10 3
2 3
3 4 2 5 10 7 1 6 8 9
2 2
1 6 7 8 4 5 3 2
4 2
7 12 9 8 3 2 10 11 6 1 5 4
3 2
10 1 2 9 5 6 3 4 8 7
5 2
5 6 13 10 11 12 8 9 7 2 1 14 3 4
8 1
4 17 8 11 1 18 7 12 2 3 13 14 9 10 5 16 6 15
2 3
9 8 3 4 2 5 10 1 7 6
2 5
14 13 11 4 1 2 8 7 5 6 12 3 9 10
2 8
11 10 7 6 1 18 20 19 16 3 5 8 13 14 2 17 12 9 15 4
8 2
17 18 4 5 12 11 14 9 2 19 3 6 20 1 7 16 10 13 8 15
2 8
2 19 11 10 8 7 18 3 20 1 13 14 5 4 6 17 16 15 9 12
1 2
4 3 1 2 5 6
4 4
16 1 11 6 12 5 15 2 7 10 14 3 9 8 13 4
4 2
6 5 4 9 1 12 10 11 8 7 3 2
4 1
3 10 6 7 1 2 4 5 9 8
2 4
6 7 5 8 3 10 12 1 2 11 9 4
16 1
20 17 11 26 6 31 14 21 7 28 32 5 30 29 15 16 2 33 9 10 34 1 18 19 4 3 27 8 23 12 24 25 13 22
4 2
9 6 5 2 3 8 1 11 10 12 7 4
1 8
16 3 12 13 10 9 4 5 8 7 18 17 14 15 11 6 2 1
4 4
9 8 16 1 15 6 5 4 12 11 14 13 2 3 7 10
8 2
6 17 4 3 15 8 13 12 18 5 10 9 20 1 2 19 11 14 16 7
8 1
2 3 12 9 6 13 1 18 17 16 7 8 5 14 15 4 10 11
8 2
2 3 15 8 1 4 5 18 13 14 11 10 20 19 9 12 6 17 7 16
2 3
3 2 6 5 7 8 1 10 4 9
3 3
6 5 4 7 12 11 1 2 9 10 3 8
2 8
1 4 3 2 7 8 17 14 15 16 6 5 18 13 20 19 11 10 9 12
4 1
8 7 3 2 5 6 4 9 1 10
8 2
8 13 10 11 18 3 1 20 4 17 5 16 2 19 12 9 6 15 7 14
1 8
16 17 14 13 12 5 18 1 11 8 7 6 15 4 2 3 10 9
8 2
14 15 19 4 12 9 2 1 7 8 10 11 20 3 16 13 17 6 5 18
1 8
10 9 17 16 12 5 7 6 13 4 3 2 1 18 11 8 15 14
2 3
6 3 8 7 9 10 1 2 5 4
3 4
11 4 5 10 3 12 6 9 14 1 13 2 7 8
14 1
29 28 27 6 17 16 12 13 1 2 19 14 20 21 3 30 9 8 22 23 24 25 11 10 15 18 26 7 5 4
1 4
1 10 2 7 9 8 5 4 3 6
4 3
9 2 6 5 13 12 10 1 14 11 8 7 4 3
4 1
7 6 4 3 5 10 2 1 8 9
11 1
14 13 24 23 17 16 22 3 7 18 2 1 15 10 11 12 4 21 19 6 8 9 5 20
2 8
15 18 11 8 6 13 14 5 20 1 2 19 4 3 7 12 16 17 9 10
3 1
1 8 4 7 2 3 5 6
2 4
6 7 11 12 8 5 10 3 4 9 2 1
4 4
14 15 10 9 2 3 5 6 12 11 13 16 7 8 1 4
4 2
3 4 2 5 1 10 6 7 11 12 8 9
2 8
15 4 13 12 3 16 19 20 8 9 2 17 6 5 14 11 10 7 18 1
4 2
10 7 1 12 4 11 9 8 2 3 5 6
1 8
3 4 18 1 16 17 11 10 9 8 13 14 5 6 2 15 7 12
8 2
19 4 5 18 6 17 15 16 7 10 14 11 12 13 9 8 20 3 1 2
5 3
12 11 14 3 6 5 2 1 13 10 7 4 15 16 9 8
4 2
12 1 6 5 3 2 9 10 7 4 11 8
8 2
3 2 10 11 13 12 20 19 4 1 16 17 14 15 5 18 6 7 9 8
4 2
9 6 2 5 8 7 1 12 10 11 3 4
4 1
6 9 1 2 4 3 5 10 8 7
2 8
1 2 12 9 14 5 15 4 17 20 16 3 6 13 8 7 18 19 10 11
8 2
18 5 3 20 12 13 4 19 16 15 6 17 11 14 1 2 8 9 10 7
2 8
15 4 6 13 8 9 5 14 1 20 2 19 12 11 18 17 16 3 10 7
3 1
6 5 3 4 8 1 2 7
5 3
3 8 12 11 16 15 6 7 14 13 10 9 1 2 4 5
1 4
9 8 6 7 5 4 2 3 10 1
3 3
6 5 10 11 12 9 4 3 2 1 7 8
