783 648
571 373
907 302
423 408
726 767
162 412
354 105
460 577
936 228
745 219
332 602
586 865
540 337
834 808
711 320
489 41
372 289
389 942
307 945
376 810
455 128
457 334
255 129
670 193
166 787
149 559
692 231
321 809
880 308
259 129
339 476
187 82
255 17
938 795
758 78
448 956
307 274
497 941
571 865
70 595
717 302
180 482
972 461
66 572
763 825
756 876
987 304
682 676
859 588
402 702
589 602
927 616
751 206
256 539
939 177
848 141
768 105
91 824
229 662
831 10
330 471
434 364
679 621
634 123
625 880
274 803
258 333
902 283
188 803
494 216
210 174
51 74
681 389
755 992
281 482
26 726
725 329
461 242
748 150
786 58
114 419
555 933
992 563
666 976
635 95
719 600
262 847
454 474
429 578
132 156
406 830
58 592
751 675
887 802
72 439
378 755
575 878
916 110
349 236
895 672
437 213
860 514
555 939
86 344
1000 588
775 921
713 994
456 610
898 983
8 933
683 64
484 809
392 715
470 145
261 534
730 452
206 38
874 185
490 469
744 407
483 558
988 485
269 123
622 481
715 714
130 655
987 754
957 678
313 686
330 27
501 713
494 189
664 168
221 472
480 25
275 87
170 667
804 338
678 593
92 556
64 516
533 221
730 429
207 273
733 590
753 587
383 338
186 26
554 5
295 281
925 410
470 945
483 446
351 207
691 349
781 685
832 16
407 899
481 235
987 162
919 902
660 804
784 223
125 603
136 481
736 882
821 359
729 928
319 354
797 403
550 191
152 793
815 289
114 455
265 882
373 493
737 778
944 473
127 923
265 828
144 380
227 977
740 215
120 862
126 263
534 984
31 253
619 286
416 924
333 576
205 115
701 521
602 430
785 296
390 421
876 698
882 402
779 162
614 348
573 652
981 652
136 143
224 836
222 547
183 319
157 18
394 518
396 643
306 649
783 114
468 97
15 160
631 141
873 376
289 503
412 436
379 422
313 739
649 222
103 606
568 209
247 612
945 738
186 63
792 299
623 444
827 397
585 510
350 584
828 469
208 73
946 555
355 390
396 490
130 13
94 684
889 227
384 1
961 931
193 868
639 428
709 284
84 425
449 171
874 3
562 363
713 798
461 427
691 224
300 998
485 122
317 168
918 722
889 314
850 956
356 27
675 926
712 739
819 762
792 549
529 416
164 880
332 187
278 857
814 443
653 583
376 816
897 90
670 603
955 833
832 274
974 531
624 752
267 240
606 978
655 983
587 236
450 167
728 858
977 985
862 439
96 52
627 384
506 281
228 166
496 257
810 735
967 875
546 865
457 158
482 553
861 281
937 384
359 377
325 555
488 34
44 411
475 28
641 964
546 617
886 131
968 859
361 748
805 300
323 470
31 637
384 180
552 780
397 899
60 939
905 887
897 732
948 462
183 831
725 635
427 440
499 161
801 305
78 676
555 188
544 802
263 787
585 666
934 647
512 56
536 406
859 162
479 89
76 833
481 570
81 531
163 169
44 100
508 599
319 119
64 660
666 763
172 397
141 198
260 374
358 634
932 505
305 49
547 697
377 205
187 689
321 193
452 221
253 587
413 208
333 527
976 344
507 83
55 915
131 710
511 413
847 849
409 79
530 700
356 433
579 212
915 484
329 795
777 769
636 560
822 187
957 889
948 382
181 457
617 516
746 809
998 69
863 984
346 481
662 83
44 592
352 244
903 895
542 222
108 413
853 797
287 704
839 186
404 833
297 246
842 273
450 242
366 683
996 624
49 593
809 219
725 761
600 910
160 731
452 143
587 507
140 565
560 895
871 590
520 143
645 886
576 877
49 803
108 667
284 280
715 768
111 527
554 496
271 321
679 762
392 670
686 3
750 378
902 332
200 889
644 964
375 156
854 587
118 788
152 280
164 806
679 879
408 975
206 436
568 608
390 539
176 56
911 669
743 181
884 687
963 152
287 504
783 3
108 337
446 43
45 509
858 822
291 488
366 808
236 33
886 260
76 349
213 845
221 431
639 168
200 680
422 585
738 144
283 396
738 846
590 605
840 391
949 227
857 581
598 904
735 955
93 875
593 296
854 964
742 829
800 373
816 487
432 755
594 621
17 119
217 492
153 168
700 470
304 582
473 213
379 262
793 977
406 796
162 193
735 196
791 611
644 360
383 833
393 110
80 257
767 141
434 405
529 885
954 661
620 407
788 76
316 487
590 330
957 262
886 456
878 113
835 261
735 242
226 819
583 958
48 530
179 452
487 892
359 796
770 905
837 935
899 20
976 308
340 462
161 884
654 589
265 274
424 89
280 701
271 22
719 864
606 397
961 309
810 242
626 170
237 54
619 366
162 534
554 700
99 619
756 729
838 643
242 859
114 801
633 36
476 864
965 244
346 531
584 929
325 702
942 48
51 141
602 920
414 815
59 656
26 545
225 436
106 732
308 555
928 898
209 134
68 461
500 808
397 240
705 213
893 376
270 806
269 240
595 553
170 990
179 452
660 755
81 9
922 790
837 137
265 948
273 460
60 462
319 805
17 502
493 752
856 673
828 267
652 386
422 456
443 39
695 968
650 634
899 834
59 568
656 882
927 532
102 428
410 779
673 898
62 577
148 132
422 79
643 234
462 993
907 995
365 633
778 392
631 253
786 81
89 362
214 124
677 57
522 216
895 770
699 586
407 435
494 930
1000 953
361 792
154 802
635 862
404 841
359 833
95 729
964 616
506 352
606 29
316 306
988 918
876 998
607 297
378 477
762 124
802 980
831 936
556 681
19 981
818 325
742 868
641 699
791 343
657 818
59 243
459 467
219 418
921 889
580 352
235 284
230 472
475 591
882 803
856 292
35 370
639 518
987 673
87 840
529 510
152 130
383 410
772 156
542 860
440 75
202 577
417 527
850 603
175 394
125 686
427 432
968 759
485 554
385 680
113 849
597 295
299 960
904 630
238 340
826 451
525 361
465 507
320 880
456 545
797 133
173 513
960 336
517 207
622 912
963 896
991 892
547 363
121 920
354 667
871 912
234 895
275 917
644 549
545 6
662 51
928 510
706 255
176 390
95 637
956 203
437 666
228 486
993 564
274 638
361 70
456 670
957 203
115 147
928 274
448 35
497 290
820 101
807 705
63 499
623 960
957 376
786 370
558 534
451 779
572 88
681 935
425 665
29 623
948 319
491 106
567 297
181 234
768 168
408 299
413 534
613 942
399 425
79 705
466 114
289 206
596 118
733 87
899 606
656 788
563 745
370 237
18 511
709 710
795 833
268 313
544 1
205 261
765 754
773 976
236 60
423 299
569 439
129 223
29 409
30 312
380 367
413 662
469 422
367 611
560 521
837 672
453 632
822 129
765 904
652 353
492 634
319 989
671 813
919 931
224 137
627 229
143 706
930 287
440 849
835 182
277 461
191 96
400 426
262 603
93 933
201 478
891 769
933 115
212 241
278 384
197 354
70 402
928 846
792 931
39 484
665 110
134 173
720 437
901 593
643 274
421 14
539 338
844 519
281 725
653 270
710 686
436 942
315 996
601 762
992 138
206 184
254 238
601 777
51 300
726 692
87 357
433 493
431 493
174 467
247 293
52 410
248 669
317 251
92 969
589 22
955 928
258 947
751 734
690 655
528 138
607 486
755 116
144 818
863 37
864 126
301 643
909 138
453 862
889 667
378 433
742 111
495 126
755 104
779 279
619 401
806 604
691 918
752 889
946 907
110 576
550 337
207 225
725 514
408 408
4 56
924 189
806 632
480 716
865 969
507 185
576 93
219 464
691 198
893 961
359 989
990 264
277 665
156 163
325 594
349 23
243 229
73 499
962 342
235 251
983 352
511 395
558 39
115 800
215 337
296 591
906 143
722 89
499 666
627 137
333 945
994 211
74 529
392 917
795 830
124 879
743 317
352 400
444 904
198 738
539 366
283 281
107 158
698 47
736 806
645 986
33 504
717 422
889 828
965 135
956 101
170 900
22 26
127 198
324 624
482 213
22 78
605 41
517 965
170 202
887 24
752 252
476 368
949 446
165 928
897 849
933 519
91 71
756 8
612 227
461 619
790 441
702 466
598 42
32 220
522 116
559 150
476 928
295 846
607 67
605 387
542 321
975 453
310 846
257 928
977 22
673 220
582 102
516 69
578 913
306 375
89 768
158 713
840 242
532 151
579 134
439 865
390 240
372 389
645 334
114 899
494 124
272 822
232 20
411 787
676 570
484 326
453 773
203 442
709 577
673 793
314 186
233 577
948 318
605 157
786 832
11 523
717 271
277 664
105 280
633 600
926 964
703 840
529 760
435 853
884 649
526 287
572 321
373 302
967 326
131 108
658 688
52 781
120 902
756 480
56 436
623 791
851 616
468 971
230 346
109 619
356 766
783 925
766 668
543 512
23 323
191 638
321 17
196 13
666 759
124 959
324 639
616 667
723 321
578 876
330 406
96 375
499 993
651 882
786 738
806 283
959 909
28 655
513 280
739 43
46 46
771 9
548 492
742 94
751 399
482 836
288 594
863 263