100
2973 180 0.5492925581220062
1218 87 0.8521275363639057
1650 19 0.5949213049477194
1280 117 0.5756631581713177
3000 835 0.9304641233983514
209 10 0.9360527645900921
751 72 0.8505084965170995
1628 10 0.5170699528488512
2384 159 0.5376524194643548
2755 176 0.8364998768884877
3000 62 0.54049556192781
3000 50 0.123
1875 126 0.7704639006617173
10 5 0.9
3000 68 0.883581865722848
3000 2462 0.9151227339986332
1076 83 0.7304532287972001
1639 78 0.6320099889870112
1 2 0.4
2222 164 0.9818360802288504
3000 43 0.8371587587474507
3000 121 0.9980522144494091
2995 273 0.8260852265030816
1041 89 0.9216213715962509
2105 97 0.6817037164372213
673 37 0.6701048397541943
2017 17 0.9371418005351515
2773 43 0.7009761789313649
1170 68 0.6004080996746124
3000 132 0.9234418745440136
459 33 0.8071185178965246
2759 75 0.5074001280762053
2970 140 0.8675526963415757
2489 16 0.9885322284756226
876 42 0.8871067689273595
566 41 0.7684774086217769
3000 195 0.8184633788266845
2582 134 0.6374763026733724
186 10 0.5968818740377626
3000 39 0.6214264176481694
3000 854 0.9720202238293681
947 7 0.6405108820936718
3000 48 0.815240333295067
3000 148 0.9286954412715177
1334 9 0.7119732369798495
3000 125 0.919826528587413
10 12 0.5
1226 3 0.5783458641668024
1845 26 0.7105339011108187
2775 210 0.7539270113951959
2463 96 0.9546825033328732
920 73 0.9641547061467182
1616 156 0.7174120700693225
2 1 0.4
2525 168 0.5694034908918753
3000 160 0.6579502846146681
2855 187 0.8236994563582262
262 24 0.5130756742736771
3000 27 0.8186760818824159
1150 77 0.5809022066595582
2075 56 0.7484377697168556
1966 131 0.7451116057492349
2747 112 0.9321534156101707
3000 135 0.5511401553868309
170 8 0.6319017675821561
483 24 0.5078630507101312
1824 108 0.8439018948734911
1137 13 0.6045979283913703
1619 131 0.6734860055630615
17 2 0.9150140896516434
2 1 0.5
778 77 0.7942097176204908
1836 8 0.5844578504948079
10 5 0.1
1428 89 0.8392448715928391
3000 94 0.8689874881448595
1626 11 0.9665002222762331
2237 181 0.5775766142450773
3000 6 0.6128288993437406
3000 50 0.987
1419 14 0.812037008609856
2917 64 0.9621890345939623
504 3 0.8265025190871463
1 1 0.4
1663 78 0.7687146954912956
835 13 0.9117212329043967
196 7 0.9283974315393538
2635 210 0.7037502996500224
1044 84 0.5530043251262713
733 65 0.9508436052200189
2902 269 0.741036438737901
3000 1757 0.9670775954951097
970 5 0.6451701546529596
3000 1235 0.9966125411381052
41 1 0.6807635623740288
1142 77 0.8202504580003427
2110 8 0.5555001429338475
2119 172 0.9744914521199695
2515 17 0.6125728878360962
1611 141 0.6335649035944795
