100
861138 734222
141397 1 1 824971
802536 1 1 802537
836220 30250
239677 1 503625491 499954
927973 1 1 927974
838437 669245
201857 1 351815299 429424
801817 1 1 801818
814669 418901
370359 1 1 731876
814476 1 1 814477
1000 999
999 1 999 1000
999 1 1 1000
830187 819204
183903 1 871735211 457290
466333 1 1 466334
919282 777992
317034 1 460410248 558169
833099 1 1 833100
853886 377539
632356 1 1 694227
305980 371 516666629 970049
924347 423101
825208 1 1 914938
834343 1 1 834344
1 336185
304538 1 15239696 593397
297269 262 634214925 409773
849191 466340
469769 1 1 844885
431517 1 1 431518
942346 648164
461803 1 1 899888
855203 1 1 855204
922356 94937
206512 812 895403925 510450
34233 124 554224899 82381
10 13
28 931 601463 36
231 539 556432 258
848830 11158
330400 1 71937323 568922
89255 1 1 89256
782845 538212
209011 544 972589465 552274
234461 894 543613655 462256
887857 8910
252497 1 327874106 423669
436192 1 1 436193
897959 7065
233304 1 719743859 413946
837282 1 1 837283
991626 862030
162932 1 1 981184
901140 1 1 901141
823417 885311
490502 392 573184147 496502
112705 492 432763471 137358
1000 999
1 1 1 1000
999 1 1 1000
817385 75252
264174 446 202534889 768974
207418 667 182778977 973943
26499 116114
9374 121 910257181 384297
126007 113 37043433 211610
846382 399647
758677 1 1 841125
972091 1 1 972092
150817 214742
299007 1 610625139 592471
103216 570 715782007 216315
968249 552170
256720 1 705617495 513126
489765 1 1 489766
960386 491148
200659 1 879193025 441012
91349 1 1 91350
999927 843597
170733 1 1 951515
899212 1 1 899213
1 395
18 246 615815 60
73 228 14618 195
941032 685866
483659 1 1 925530
870484 1 1 870485
834337 670685
149283 1 1 797756
818301 1 1 818302
935332 464536
775711 1 1 856686
436818 1 1 436819
899351 773967
160760 1 1 881734
824708 1 1 824709
804082 619886
143014 1 1 798412
998844 1 1 998845
853783 419555
729584 1 1 809417
491943 1 1 491944
353585 89435
423579 530 319351850 649915
274164 786 89330140 345386
254961 613429
228525 581 737239463 429788
37562 574 810316481 147063
987753 476827
794924 1 1 882932
492418 1 1 492419
834128 9599
168407 1 688796558 419493
71342 1 1 71343
166613 839887
345314 85 627020960 367634
817565 77 973851227 950327
884247 405636
795032 1 1 875900
787234 522 274406951 930460
919458 525786
454561 1 1 907919
842852 1 1 842853
1000000 882851
339395 1 445628443 574134
80611 238 89452179 564108
880724 928757
280021 1 199642187 554400
80586 1 1 80587
966044 783355
142175 1 1 874369
867357 1 1 867358
478559 164576
70429 912 513359262 351182
548430 461 121024560 860089
38618 293399
163150 965 58005533 399893
561985 243 638981732 643210
902497 621762
461339 1 1 855370
841664 1 1 841665
954646 626498
469945 1 1 918617
866236 1 1 866237
1000000 850509
888888 2 7 987553
899999 1 899999 900000
890876 11936
197242 1 458045799 417871
108452 1 1 108453
942559 823363
223483 1 175988563 485925
867669 1 1 867670
929506 648741
463138 1 1 925543
828421 1 1 828422
812551 650342
130372 1 1 785448
999764 1 1 999765
1 113538
169555 1 71208188 416269
593648 159 562642010 808285
860090 115309
266792 1 233819193 594250
413971 1 1 413972
988392 196339
167490 1 1 915876
546888 788 535946531 948460
1000 982
621 2 7 997
899 1 1 900
977488 437541
132931 356 819289591 161547
414588 834 469578689 516609
584439 458869
274813 136 475193875 486856
122250 52 30729311 171318
928014 809910
158869 1 1 881999
841456 1 1 841457
1000000 800000
999999 1 999999 1000000
999999 1 1 1000000
932678 822371
144214 1 1 899421
861658 1 1 861659
813176 426903
205015 1 727504673 438594
124613 341 958049925 586449
888220 469428
501964 1 1 869368
469668 1 1 469669
704 381
610 173 693509044 967
639 130 371505459 953
153 316
246 793 665342333 558
110 937 683957056 168
823674 633582
132906 1 1 814129
932256 1 1 932257
886997 74995
504915 833 313683800 546088
189584 869 691497563 191676
1 866241
231482 1 119462477 464596
247017 357 93782777 817158
820779 671553
139225 1 1 807623
917603 1 1 917604
1000 700
1 1 1 1000
999 1 1 1000
935239 507568
275227 1 311149197 462800
854131 1 1 854132
838504 416462
711689 1 1 789972
894570 1 1 894571
822067 388367
729673 1 1 806870
904094 1 1 904095
980727 846135
175070 1 1 928831
903813 1 1 903814
846188 411979
191491 483 212908534 286647
241416 981 937687304 420245
1000000 989933
328873 1 267894541 551483
351354 691 279774048 523709
868338 607453
458025 1 1 835806
811051 1 1 811052
964497 441755
815953 1 1 897586
122982 491 891159986 325048
1000000 7933
257433 1 836555612 564803
197649 14 970671191 245810
1000000 800000
1 1 1 1000000
999999 1 1 1000000
937894 454166
176547 1 112724577 438034
459614 1 1 459615
924691 953466
202763 1 229255720 472563
490335 1 1 490336
6 5
10 1 3 17
5 2 7 19
973007 32587
253859 1 323344489 584164
856064 1 1 856065
933433 724131
143240 1 1 834963
858524 1 1 858525
982128 2846
301052 1 20807261 581102
493243 1 1 493244
932361 454269
840802 1 1 932291
841370 1 1 841371
839947 161610
260287 1 705417186 460147
801309 1 1 801310
75328 498111
302734 1 244336103 587661
202002 278 710165675 369722
950811 444407
448190 1 1 816940
481118 1 1 481119
818643 165096
212966 1 912045430 505909
83537 1 1 83538
856652 473198
36176 818 104841939 198951
97325 456 235475591 218098
877914 271193
148734 1 1 814937
25622 478 779701048 191796
970158 456050
478006 244 534320046 784123
407572 49 640370401 665721
932854 956328
294679 1 291482036 513649
501366 1 1 501367
273394 41089
78704 197 405556239 116008
434971 726 32269164 982314
1000000 987525
888888 2 7 987553
899999 1 1 900000
839268 490675
249732 1 603509651 463531
83121 1 1 83122
