100
838 376
658 1 1 730
420 1 1 421
868 720
163 1 1 863
815 1 1 816
956 878
325 483 826785176 944
283 51 495355387 939
910 713
171 805 448853471 402
92 1 1 93
879 669
166 1 1 842
842 1 1 843
894 877
234 544 600542437 543
811 1 1 812
823 365
374 1 1 723
404 1 1 405
812 43
233 536 268384274 535
428 1 1 429
831 369
686 1 1 759
822 1 1 823
806 408
711 1 1 789
886 1 1 887
956 652
197 136 689339647 405
489 1 1 490
840 685
346 583 226117603 582
813 1 1 814
995 682
11 119 71618435 280
127 16 78948165 518
989 421
165 1 752973395 409
68 1 1 69
1 934
312 542 554366064 541
118 50 653825211 174
923 633
446 1 1 883
837 1 1 838
932 27
278 518 250200263 517
484 1 1 485
988 32
271 666 999201968 584
109 47 781485418 956
198 140
253 923 350016262 461
98 824 418629416 734
922 811
173 1 1 904
837 1 1 838
938 460
839 1 1 922
136 386 914880566 973
812 718
268 506 353953497 505
371 419 742450028 636
890 697
147 1 1 817
975 1 1 976
639 321
58 699 348424253 63
323 774 32278766 451
1000 412
161 805 293776157 402
168 546 661986018 566
10 13
28 931 601463 36
231 539 556432 258
704 381
610 173 693509044 967
639 130 371505459 953
892 770
144 1 1 834
811 1 1 812
28 578
57 14 623843522 274
452 681 813538590 731
922 762
279 1 827084482 493
458 1 1 459
814 403
681 1 1 750
413 1 1 414
65 787
140 846 52586532 159
185 642 349950080 813
882 441
243 200 698866325 581
302 351 41064075 520
827 420
421 1 1 826
898 1 1 899
953 514
138 1 1 818
59 694 703738745 548
1000 700
1 1 1 1000
999 1 1 1000
864 994
190 205 220137595 459
83 1 1 84
1000 999
1 1 1 1000
999 1 1 1000
802 150
264 957 955164179 478
79 1 1 80
972 685
154 1 1 830
872 1 1 873
900 426
431 1 1 795
446 1 1 447
890 71
466 454 879209577 542
824 788 671002139 881
912 470
476 1 1 827
456 1 1 457
1000 12
215 561 836699769 490
21 345 615888769 136
1000 752
192 402 973973481 401
164 466 254793272 456
890 642
439 1 1 863
815 1 1 816
902 766
328 553 8020063 552
802 1 1 803
944 578
253 578 361021886 577
450 1 1 451
846 719
161 1 1 815
803 1 1 804
912 200
188 813 743827573 406
477 1 1 478
158 736
315 833 806573898 505
65 851 746944804 858
905 758
167 1 1 892
851 1 1 852
905 629
298 592 131392180 591
85 1 1 86
897 919
302 594 407934699 882
606 987 347233786 799
35 86
256 509 766012435 259
87 799 794350510 200
589 307
19 372 638226769 242
549 872 170519247 767
153 316
246 793 665342333 558
110 937 683957056 168
504 615
134 611 942350734 483
170 676 553130545 423
820 723
160 1 1 813
881 1 1 882
1 395
18 246 615815 60
73 228 14618 195
995 665
255 541 441470141 450
116 1 1 117
935 771
173 1 1 885
824 1 1 825
897 463
470 1 1 843
442 1 1 443
6 5
10 1 3 17
5 2 7 19
916 743
158 1 1 861
828 1 1 829
853 375
753 1 1 834
819 1 1 820
831 643
164 1 1 826
821 1 1 822
835 935
332 581 695531333 580
802 1 1 803
949 682
189 1 684678837 464
822 1 1 823
424 593
58 847 866399932 198
6 318 462252780 8
922 508
470 1 1 917
837 1 1 838
313 133
513 620 635448291 529
325 725 862386621 862
994 9
325 1 344985778 595
895 1 1 896
1000 982
621 2 7 997
899 1 1 900
819 501
202 881 290981511 440
932 1 1 933
921 398
772 1 1 854
461 1 1 462
932 457
838 1 1 926
839 1 1 840
1000 999
999 1 999 1000
999 1 1 1000
827 106
316 1 914932107 560
888 1 1 889
285 799
91 250 59458221 383
295 37 398735068 779
971 548
499 1 1 949
881 1 1 882
1 559
226 459 843476899 458
24 493 187429658 691
851 324
310 573 701069355 572
13 530 410290117 33
920 772
155 1 1 859
920 1 2 922
834 377
398 1 1 757
431 1 1 432
1 58
252 931 536559247 465
210 272 532390504 986
994 479
873 1 1 967
898 1 1 899
886 677
149 1 1 811
833 1 1 834
970 476
865 1 1 957
870 1 1 871
837 167
361 517 719096735 658
185 911 156651914 500
865 736
156 1 1 813
890 1 1 891
964 781
291 1 725428289 525
81 1 1 82
922 166
202 256 838036377 425
90 1 1 91
993 9
314 1 527395599 562
74 1 1 75
854 409
759 1 1 841
808 1 1 809
440 956
334 156 144163527 763
32 443 556931009 532
839 413
749 1 1 830
802 1 1 803
980 494
815 1 1 900
489 1 1 490
825 143
290 520 257224028 519
409 1 1 410
753 403
88 838 557883362 125
500 144 243389419 544
