100
932 664
478 1 1 927
804 1 1 805
877 391
774 1 1 858
819 1 1 820
384 144
126 587 254282770 976
445 215 669753331 471
819 630
138 1 1 781
264 784 828347961 318
1 407
222 425 75695141 424
116 750 379789610 442
983 872
172 1 1 979
875 1 1 876
932 554
209 911 77954127 455
495 1 1 496
806 605
254 1 770703638 573
937 1 1 938
187 40
329 265 452524351 594
111 291 277939695 226
1000 22
189 410 215427007 409
142 241 615724771 579
914 762
139 1 1 861
838 1 1 839
887 586
249 989 275933603 494
822 1 1 823
836 822
282 519 458793877 518
250 521 604916796 845
1000 999
999 1 999 1000
999 1 1 1000
953 581
530 1 1 934
882 1 1 883
41 249
219 139 556250445 668
87 941 435153675 169
109 83
306 564 352314668 563
168 894 515188061 685
862 3
190 453 214696393 452
66 1 1 67
704 381
610 173 693509044 967
639 130 371505459 953
849 735
163 1 1 833
888 1 1 889
1000 503
207 839 481599252 419
266 283 485526032 806
830 49
224 509 23055857 508
475 1 1 476
954 698
160 1 1 835
816 1 1 817
595 774
789 360 439924673 885
84 819 928661895 110
956 506
856 1 1 949
868 1 1 869
858 419
760 1 1 842
820 1 1 821
70 979
5 558 354351749 164
698 0 503427302 925
812 725
295 530 318933243 529
974 1 1 975
836 406
417 1 1 739
402 1 1 403
823 820
248 507 912676267 506
196 1 2 198
809 688
132 1 1 795
803 1 1 804
885 115
19 233 360221564 104
218 903 456526126 370
933 559
226 385 483143965 432
806 1 1 807
842 367
372 1 1 678
422 1 1 423
1000 590
229 1 64414553 412
138 478 535045279 594
821 511
207 511 217633341 425
76 1 1 77
814 630
141 1 1 801
867 1 1 868
837 650
266 981 593885547 490
824 1 1 825
839 401
742 1 1 822
996 1 1 997
967 1
203 841 820832459 420
527 1 1 528
940 424
719 1 1 798
459 1 1 460
634 694
2 6 728926145 4
84 748 702658225 107
1 668
195 959 565762837 479
75 665 785730838 147
882 2
336 564 397943670 563
100 1 1 101
801 680
131 1 1 782
831 1 1 832
898 681
333 600 757318303 599
91 1 1 92
963 597
234 766 531989720 459
860 1 1 861
6 5
10 1 3 17
5 2 7 19
940 421
838 1 1 930
841 1 1 842
928 471
551 1 1 928
420 1 1 421
951 198
289 597 61618491 596
487 1 1 488
574 928
123 776 616054365 239
76 527 850617885 716
842 18
269 555 292669725 554
71 1 1 72
806 278
4 719 483989619 30
737 944 26429903 996
964 416
772 1 1 855
449 765 355568835 491
825 112
251 1 885407909 538
410 1 1 411
926 423
807 1 1 895
837 1 1 838
944 460
497 1 1 921
916 1 1 917
61 305
181 927 804355935 354
248 882 710182581 960
1000 700
1 1 1 1000
999 1 1 1000
938 588
469 1 1 935
823 1 1 824
830 425
384 1 1 762
942 1 1 943
945 2
226 589 9583930 441
125 1 1 126
949 490
509 1 1 932
458 1 1 459
925 450
746 1 1 828
480 1 1 481
178 245
134 616 444576057 366
61 253 379217426 110
919 348
172 821 927521921 410
469 1 1 470
923 806
161 1 1 883
851 1 1 852
892 868
297 547 691147619 546
838 1 1 839
353 314
324 514 990208843 443
3 861 164989538 7
1000 999
1 1 1 1000
999 1 1 1000
850 758
153 1 1 849
833 1 1 834
962 445
165 1 1 951
16 937 532828920 204
577 212
44 460 717345012 69
461 678 153495737 983
10 13
28 931 601463 36
231 539 556432 258
97 160
696 234 501632799 723
355 943 928702717 770
817 23
220 899 460205653 449
810 1 1 811
837 419
408 1 1 796
801 1 1 802
990 943
260 525 293154489 524
475 1 1 476
851 432
436 1 1 792
422 1 1 423
1 395
18 246 615815 60
73 228 14618 195
1000 982
621 2 7 997
899 1 1 900
822 444
729 1 1 808
433 1 1 434
153 316
246 793 665342333 558
110 937 683957056 168
898 684
139 1 1 805
208 760 289279773 736
941 676
153 1 1 810
847 1 1 848
1 556
217 803 137543547 401
48 491 106927564 133
924 781
179 1 1 909
835 1 1 836
925 964
178 835 59007214 417
452 1 1 453
944 703
152 1 1 824
862 1 1 863
829 789
227 963 229348479 481
982 1 1 983
927 486
508 1 1 856
483 1 1 484
808 392
424 1 1 785
882 1 1 883
374 55
207 188 291339656 920
366 117 603324673 875
880 471
790 1 1 875
817 1 1 818
892 730
146 1 1 860
867 1 1 868
812 561
120 1 1 739
260 334 542450466 321
993 452
778 1 1 862
488 1 1 489
848 827
261 596 400181891 595
90 1 1 91
793 764
110 716 721348242 258
336 770 290499970 724
