100
10 2
1 2 3 4 5 6 7 8 9
100 100
-100
7 3
0 12 0 12 0
100 50
0 62 0 62 124 186 124 186 124 62 124 62 0 62 0 -62 0 62 124 186 248 310 248 310 372 310 248 186 124 62 124 62 0 -62 0 -62 -124 -152 -214 -276 -214 -276 -214 -276 -338 -276 -338 -276 -214 -276 -214
100 2
-3228 -470 -1454 -4039 -3924 -4107 -5414 -5811 -5677 -4018 -2022 -1755 -1817 -929 -3312 -4194 -3664 -3179 -3019 -3654 -4833 -3438 -1153 -1986 -1872 -3939 -6366 -4287 -3541 -4095 -2001 -3424 -5770 -3610 -1216 -1472 -2184 -2137 -4064 -5915 -4649 -3813 -3393 -1655 -3063 -4610 -3989 -3059 -1730 -1033 -913 -4057 -3610 -1240 -3462 -3004 -1439 -3011 -4009 -3076 -4628 -6229 -4453 -4273 -3744 -2631 -2544 -1218 -1599 -3082 -2677 -1471 -2346 -2597 -3342 -5129 -5472 -4219 -4052 -4689 -2915 -1283 -3339 -3755 -3080 -4674 -4592 -5279 -5287 -3570 -1645 -620 -1073 -1200 -2096 -2261 -1851 -1953 -2954
100 50
0 171 0 171 0 171 0 171 0 171 0 -171 -342 -513 -342 -171 0 -171 0 -158 13 184 355 526 697 526 697 526 355 184 13 -158 13 184 13 -158 13 -158 -329 -158 -329 -158 -329 -500 -671 -842 -1013 -842 -671 -842 -1013
100 50
0 203 0 203 0 203 406 203 406 609 812 609 406 203 406 203 237 34 237 34 -169 -372 -169 -372 -169 -372 -169 -372 -169 34 -169 34 -169 34 237 440 643 846 643 440 643 440 643 846 1049 1252 1049 1252 1455 1658 1861
100 50
0 198 0 198 0 198 0 198 0 198 0 -198 -396 -594 -396 -198 0 -198 0 -128 70 268 466 664 862 664 862 664 466 268 70 -128 70 268 70 -128 70 -128 -326 -128 -326 -128 -326 -524 -722 -920 -1118 -920 -722 -920 -1118
100 50
0 87 0 87 0 -87 -174 -87 0 -87 0 87 174 261 348 261 348 435 522 609 696 609 696 783 870 957 1044 957 870 957 1044 957 870 783 696 783 696 783 870 783 696 621 534 621 534 447 360 447 534 447 534
100 50
0 132 264 396 528 660 792 660 528 660 528 660 792 924 792 924 1056 1188 1320 1188 1056 924 1056 1188 1056 1188 1320 1188 1056 924 1056 1188 1157 1289 1421 1289 1421 1289 1157 1025 893 1025 893 761 893 1025 893 1025 1157 1289 1421
100 50
0 191 382 191 382 573 764 955 1146 955 764 761 570 761 952 761 952 761 570 761 570 379 188 379 188 379 188 -3 188 -3 -194 -3 -194 -385 -576 -767 -958 -767 -576 -767 -958 -1149 -1340 -1149 -958 -1149 -1340 -1149 -1340 -1149 -958
100 50
0 135 0 135 270 405 270 405 270 135 270 135 0 135 0 -135 0 135 270 405 540 675 540 675 810 675 540 405 270 135 270 135 0 -135 0 -135 -270 -324 -459 -594 -459 -594 -459 -594 -729 -594 -729 -594 -459 -594 -459
100 50
0 -384 0 384 768 384 0 -384 0 384 768 384 0 -384 -768 -384 -768 -1152 -1536 -1328 -944 -560 -176 -560 -944 -1328 -944 -1328 -1712 -1328 -1712 -2096 -2480 -2096 -2480 -2096 -2480 -2096 -2480 -2096 -1712 -1328 -1712 -1328 -1712 -1328 -944 -1328 -944 -1328 -1712
100 50
0 -322 0 -322 0 -322 -644 -322 -644 -966 -644 -322 -644 -322 0 -322 0 322 644 322 0 322 644 966 644 966 1288 966 1288 1610 1932 1610 1288 1610 1932 1610 1932 1610 1932 1610 1739 2061 1739 2061 2383 2705 2383 2705 3027 3349 3671
100 50
0 8 -27 -62 -97 -62 -27 -62 -27 -62 -97 -132 -167 -202 -167 -132 -167 -202 -167 -202 -167 -132 -97 -132 -167 -202 -167 -202 -237 -272 -237 -272 -237 -272 -307 -342 -307 -342 -307 -272 -237 -272 -307 -272 -237 -272 -237 -272 -307 -272 -307
100 50
0 224 448 224 256 32 -192 -416 -192 -416 -640 -864 -1088 -864 -640 -864 -640 -416 -192 -416 -640 -416 -192 -416 -192 -416 -640 -864 -1088 -1312 -1088 -864 -1088 -1312 -1536 -1312 -1088 -864 -1088 -864 -1088 -864 -640 -416 -192 32 -192 32 -192 -416 -192
100 50
1526 1422 1526 1630 1526 1422 1318 1214 1110 1006 902 1006 1110 1214 1318 1214 1318 1214 1318 1422 1526 1422 1318 1214 1318 1422 1318 1422 1526 1630 1734 1838 1734 1838 1734 1838 1942 2046 1942 1838 1734 1630 1734 1630 1526 1630 1526 1422 1318 1214 1318
100 50
-806 -440 -806 -1172 -806 -440 -806 -440 -74 -440 -74 292 -74 292 658 292 -74 -440 -74 -440 -806 -440 -806 -1172 -1538 -1172 -806 -1172 -1538 -1172 -806 -440 -806 -1172 -806 -1172 -806 -1172 -1538 -1172 -806 -440 -74 -440 -74 -440 -74 292 658 1024 658
100 50
2327 1936 2327 1936 1545 1936 1545 1154 1545 1154 763 372 -19 372 763 1154 1545 1154 763 372 763 372 763 372 -19 372 -19 -410 -19 -410 -801 -1192 -1583 -1974 -2365 -1974 -2365 -1974 -2365 -1974 -2365 -1974 -2365 -1974 -1583 -1974 -2365 -2756 -3147 -2756 -2365
100 50
768 721 674 627 580 533 580 627 580 627 580 533 580 533 486 439 486 533 580 627 674 721 674 627 674 627 674 721 768 721 674 721 674 627 580 627 674 627 674 627 580 627 580 627 580 627 580 627 580 533 580
100 50
2927 3194 3235 3088 3355 3612 3423 3159 2953 3050 2801 3018 3082 2815 2548 2281 2078 2078 1820 2087 2038 2043 2310 2043 1776 1586 1364 1176 1443 1176 909 642 375 108 252 201 446 390 123 -144 -411 -404 -586 -853 -1120 -853 -586 -319 -52 112 379
100 50
1437 1377 1753 1377 1001 1074 1057 1433 1254 899 523 349 725 779 1155 779 403 46 365 555 867 1243 1619 1451 1296 1672 1625 1986 1836 1601 1225 1601 1850 1474 1291 1667 2043 2419 2795 2556 2305 2681 2825 2449 2598 2222 2598 2974 3236 3612 3840
100 50
1217 1362 1191 1362 1291 1270 1391 1562 1733 1904 1733 1562 1530 1697 1759 1743 1572 1743 1914 2085 2004 1964 2029 1858 1692 1577 1406 1235 1292 1165 1048 985 854 683 660 831 977 806 850 726 737 566 737 566 395 224 53 224 53 23 -147
100 50
2070 1915 1779 1796 1951 1944 1963 1808 1963 2118 1968 1827 1982 1947 1999 1926 1785 1894 1935 1780 1625 1489 1334 1489 1644 1799 1644 1799 1954 2037 2192 2109 2055 1900 1886 2041 2016 1959 1804 1714 1619 1774 1929 1987 2142 2220 2065 1910 1768 1832 1987
100 25
-543 -147 -13 -585 -167 -96 357 502 845 603 1175 1718 2094 2418 2332 1763 1569 2018 2585 3157 2687 2115 2393 2825 2350 1981 1416 1605 1897 1803 1619 1500 928 1157 1449 1442 1471 1667 1872 1679 1834 2352 1780 1261 1217 1789 2146 1574 1596 1499 1559 1968 1396 1617 1512 2084 1631 1858 1718 1657 1615 1453 1451 879 1451 1643 1071 1551 2000 1961 1925 1623 1744 1862 2393 2905
100 25
-1 60 -310 -500 -706 -884 -666 -1254 -1748 -1306 -1463 -1681 -1440 -1356 -833 -784 -507 -405 -311 -317 46 251 649 269 357 550 388 170 -228 -14 260 103 584 490 -98 276 19 10 397 -27 -377 -965 -1071 -987 -735 -1120 -1459 -1433 -1410 -1083 -1671 -1083 -987 -810 -436 -122 -553 -769 -550 -138 76 304 438 428 264 852 1357 875 650 133 721 1309 1473 1242 1415 1606
100 25
-992 -922 -1019 -576 -474 -656 -1058 -739 -298 -160 -241 183 -17 269 591 712 1164 1031 593 343 -4 242 87 167 -196 -216 166 618 166 516 547 999 1132 753 1067 1519 1372 1423 1589 1251 1182 857 857 1110 908 803 865 784 650 569 719 528 502 825 538 959 576 199 589 462 203 -39 362 120 6 -296 -146 306 505 576 658 349 801 714 706 506
100 25
350 -9 -250 -188 -154 -152 -620 -763 -1231 -1435 -1903 -1435 -1005 -1040 -612 -480 -370 -677 -347 121 589 129 -90 -558 -262 206 469 776 506 221 687 886 1354 1703 2141 2257 1909 1849 1560 1141 943 909 1253 941 527 319 787 545 951 483 344 -28 -496 -28 422 130 229 69 123 -345 -93 254 352 717 1176 1293 1582 1392 1236 1246 1333 903 896 699 781 907
100 25
2301 2431 2680 2525 2221 2577 2734 2878 2996 2873 3456 3407 3472 3857 3973 4556 4460 4391 4580 5133 5385 4802 4219 3873 3975 3392 3472 3511 3087 3407 3189 3526 3593 3098 3617 3034 2988 2544 2428 2258 2032 2615 3198 2729 2561 1978 2498 2745 3150 2591 2776 2747 2297 2442 2082 2004 2091 2192 2775 2192 2672 3128 3142 2685 2512 2276 1797 1253 1423 1143 1226 1250 1436 1341 1624 1790
100 25
2944 2794 2614 2652 2737 2777 2826 2947 2930 2930 2997 3069 3218 3052 2872 3052 2984 2836 2663 2520 2427 2388 2403 2447 2409 2428 2578 2578 2542 2448 2423 2304 2295 2271 2260 2080 1913 1903 1977 2098 2034 2191 2371 2385 2372 2543 2500 2383 2407 2375 2447 2477 2587 2765 2699 2561 2612 2479 2405 2585 2694 2841 2779 2802 2737 2668 2531 2470 2498 2674 2501 2432 2612 2628 2518 2595
100 25
-713 -729 -736 -735 -591 -534 -455 -534 -723 -523 -537 -399 -559 -718 -710 -596 -583 -439 -517 -403 -398 -548 -441 -279 -303 -425 -326 -126 -105 -122 -241 -120 -80 -91 -99 -215 -164 -155 -138 54 -21 38 6 127 201 338 363 304 138 203 403 362 280 365 417 617 422 582 618 618 818 618 766 875 766 925 846 705 592 442 428 516 580 678 497 352
100 25
2398 2302 2203 2175 2248 2358 2520 2754 2945 2946 2642 2800 2464 2420 2237 2056 2264 2437 2640 2691 2628 2390 2300 2610 2485 2164 2017 2140 2276 2430 2094 2206 2272 2147 1811 1779 1775 1912 2248 2114 2039 1870 1976 1802 1632 1830 2088 1842 1558 1366 1497 1409 1295 1448 1386 1602 1466 1236 1506 1573 1740 1922 2023 1926 2262 2423 2456 2205 2210 2193 1955 1622 1647 1823 1927 2132
100 25
1242 1383 1201 1763 1701 2173 1708 1716 1654 1784 1523 2068 1474 1432 1303 1386 1929 2395 2628 2778 2596 2857 2562 3062 2885 2533 1935 2254 1656 1795 1380 1852 1565 1817 1351 1640 1199 1610 2056 2596 2437 2175 1923 1736 1702 1590 1423 1463 952 1518 2077 2426 2696 3227 3129 3309 2858 3237 3392 3944 3677 4171 4358 4135 3791 4227 4383 4478 4448 3884 3817 4113 4100 4681 4143 3706
100 25
886 1004 1071 1012 840 679 597 789 859 709 514 404 455 243 414 326 363 429 299 327 354 332 254 90 71 120 -27 -22 151 250 270 226 76 -79 -123 -18 133 62 180 45 160 237 139 345 295 337 156 162 279 468 240 476 566 348 194 330 326 511 522 594 677 441 382 254 355 398 362 244 34 -96 -275 -39 109 -80 -213 23
100 25
1802 1926 1868 1780 1457 1564 1476 1475 1443 1199 1518 1509 1233 1018 974 1104 1260 949 903 1078 965 1148 1402 1365 1562 1660 1623 1614 1613 1893 1992 2030 2072 2247 2289 1966 2203 2331 2368 2218 2035 2037 2203 2275 2349 2245 2216 1893 1810 1759 1705 1577 1321 1254 1286 1136 1335 1599 1626 1696 1755 1815 1706 1773 1968 2083 2211 2046 2167 1980 2146 2312 2572 2409 2296 2027
100 25
3128 2786 2789 3051 2881 2663 2798 2987 2858 2806 2936 3259 3088 2882 3135 2895 2902 2856 2730 3032 2804 3124 3103 3232 3228 3285 3555 3536 3545 3453 3565 3243 3329 3577 3615 3379 3118 3021 2903 2855 2862 2863 2718 3025 2845 2964 2929 2594 2618 2955 2746 2832 2899 2868 3163 3266 3582 3663 3414 3732 3728 3709 3874 4143 4224 4239 4246 4139 4188 4339 4358 4140 4185 3840 3715 3982
100 4
4988 4642 4038 4138 4359 5646 5697 5139 5026 4028 5025 5432 5065 5496 5361 5221 6324 6862 6221 5953 5329 4792 4874 4335 3676 3938 4076 4880 6008 6187 5913 6030 6183 5059 4992 4948 3837 4831 4765 4980 5456 5680 5447 5489 4891 4553 5815 4918 5579 5775 4984 5528 5078 4659 4486 4902 5795 6342 6468 5962 5467 5264 5604 5881 6233 6504 6548 6537 5932 5189 5368 4945 5756 5221 5123 5045 3865 5162 5049 5079 6043 5099 5604 5672 5665 5697 5057 5595 5876 6640 5951 6016 5709 5189 6072 5503 4697
100 4
-1422 -260 -1215 -1139 -2168 -3768 -3153 -2067 -1544 -802 -1715 -3064 -2938 -3005 -2161 -1410 -838 -902 -1183 -506 -966 -970 -459 -1200 -1783 -1239 -716 -1405 -1984 -2692 -2720 -2566 -1833 -696 -1088 -1364 -2197 -2258 -2248 -653 50 214 -1148 -1855 -2336 -3209 -1549 -827 -1064 -1513 -1905 -2373 -1041 -293 -1286 -1750 -1728 -1467 -1693 -2072 -2961 -3664 -3493 -2754 -2188 -2469 -1263 -2233 -2236 -2711 -2555 -2155 -2844 -1916 -3071 -3438 -3519 -3178 -2514 -2278 -1089 -953 -1665 -1496 -2025 -2775 -2560 -2151 -2938 -2929 -3228 -3483 -1857 -834 -625 353 -734
100 4
1214 2637 1454 -961 -260 -1545 -1224 -183 708 706 263 610 -191 -1195 -1446 -1061 -2698 -1525 -826 -2724 -1596 -734 625 627 2238 2133 1022 1386 1828 1536 3469 2453 276 1543 -167 2711 2337 732 566 -719 -1367 86 1119 1165 882 1019 924 574 2217 1012 1054 1018 1671 2358 2652 2612 818 391 401 436 0 -1839 -3624 -1727 -467 121 2034 1340 3184 3667 1533 2564 1461 3469 3634 1662 2245 1351 1373 1787 1925 705 2859 1357 1133 1671 1461 2802 3323 1952 2326 1797 585 3664 4053 5758 4289
100 2
1034 2859 6983 -106 -7050 -5757 -3653 -836 -4026 -7513 -35 8027 928 -3132 3809 1380 -1792 -1776 1056 -745 -2304 940 3772 5929 -1469 -6971 -6146 -4720 508 -152 -1902 3569 -1748 -7911 -121 5244 4644 -519 -7465 -4363 -2491 2305 3236 905 686 -3263 -259 -51 2781 8800 940 -1567 666 -2938 -1196 3932 7081 765 -4349 -3833 1260 4265 -1584 -5340 -6930 -4719 -831 -2508 1682 954 718 5779 3891 1682 -2993 -5319 1278 -63 -2559 813 -4565 -957 -1642 -999 6786 6354 6546 4953 2046 5327 3001 -2477 -333 4691 6387 1999 765 4601 -160
100 2
823 -904 98 1262 416 -189 872 297 -357 1790 2851 1084 83 684 1473 1282 1628 2980 1247 1556 2856 515 -725 -709 707 1094 1196 872 839 2670 224 -495 1689 2452 1891 76 -601 -44 500 -351 -1766 -1423 1059 2753 2868 2484 2257 880 -273 -621 -1233 -1404 612 2762 1099 -610 -767 -480 -792 767 107 555 2620 -96 -451 2179 1667 1810 1203 828 1097 -1283 460 3020 1837 963 1629 433 -715 -289 1200 2474 1933 1806 869 1409 1459 -763 802 2910 1181 -1024 -571 767 1263 153 -1309 -41 1194
100 2
80 -1236 471 908 107 9 -673 1224 1513 -84 -479 1177 1236 374 632 -390 -141 -462 -1241 -39 838 1669 2042 1207 1781 931 766 1433 836 22 -185 1907 3164 1239 399 59 474 2317 3125 2079 1854 3202 1378 204 583 340 -88 -691 -854 -424 -187 844 1432 876 1117 503 1245 1147 -952 -1352 -80 669 1281 1982 1997 412 -1469 1083 2229 238 434 1948 1942 538 -292 635 1312 1723 2756 1571 898 427 717 1016 1095 1907 90 704 2861 1068 -98 1527 950 57 -315 256 449 -115 1789
100 2
3063 -2506 36 766 460 3843 -1438 -1025 -58 1467 613 -4976 -2261 1616 864 -2114 -2335 2113 1755 -5251 1952 6909 -37 -634 415 -5763 -7620 -2754 200 2957 1446 -6305 -7219 -6478 787 1503 -6963 287 2001 -3176 -4584 -5064 -5611 -5602 2789 8379 5229 1949 -3579 -5156 3633 3747 -3142 -7111 -9090 -1065 456 1604 4802 259 -856 -5268 -3365 -2207 -2813 717 2141 3915 -1779 -6286 -4653 -3115 -3453 -5779 -7189 -7567 834 2873 -5553 -3616 -35 -3342 234 6824 6734 -909 -5806 -1664 2802 -1909 -61 713 -3283 -492 -5655 -6413 -3000 376 1046
100 2
-58 5414 5248 906 -5727 -7249 -3215 -3057 212 4617 7412 -6706 -3134 -1612 -1469 -3425 6754 -8567 141 -1563 6228 4664 -8588 -7449 1799 9566 -7768 -5549 6111 3589 -11 7020 -4771 -8009 3248 -7241 8227 -7765 9593 -9045 -8894 -3826 4644 -2672 3986 -8130 -9639 2913 3266 5174 9128 1470 5174 -6530 -5292 -6549 -2594 9317 -9571 -6768 -4102 -8288 -1890 3075 5434 1609 3308 4665 778 1340 3032 -658 7581 6795 -999 -1279 3750 -8513 -396 -2375 -2859 -5180 -329 7204 -8684 -1187 -2808 -9492 -6075 7097 5926 -8239 -1630 -9202 -8246 -2473 -5857 2920 -5694
100 2
-6663 -1548 4394 2081 6720 3546 -2594 -7627 -6326 -9464 518 7480 1589 2930 -9261 4305 5654 -4037 -1149 -4611 1149 -6293 2398 1374 -5013 449 -8529 -4557 9800 -2830 7948 -2953 -2338 4282 1669 5833 -3532 7965 1529 7819 -6919 -8690 -4763 -1291 4108 4414 4825 6513 1179 -6765 -251 -4163 -2812 5099 9124 -9669 -8629 -6253 -3866 -5014 -2069 -7798 3986 -5380 -8162 5714 -5514 6311 -7080 -4059 -1087 299 -8703 -4095 -1249 3036 -4192 -416 7924 -7557 4701 -8782 -4313 9341 -5149 -4285 3937 2583 9100 -8903 1925 9675 410 -7341 -4485 585 -8258 -2257 -3098
100 2
-225 -141 8070 4574 3435 -997 -8095 -764 -4415 9129 -695 -1935 -1046 5585 3582 -6723 5200 -4100 -7606 -8219 -4784 -5598 109 -1564 9142 -9676 6725 -4666 3050 -9876 -8983 1356 7073 -5696 -5459 3377 3035 -6720 8136 -2641 374 -1114 -2724 3589 -3561 6415 -5311 1558 -7222 -3669 -3523 -7713 -7624 -9309 3186 -606 -1012 4896 -7124 -3811 2116 6802 2623 7942 -4190 -5840 -3831 4853 8912 -1449 5048 -3954 -7145 3787 -9179 8655 -9202 -8170 -931 1402 4461 -2922 -6770 7857 902 -3299 4062 -2110 -5648 4402 6326 5047 6626 7595 -2668 -7726 1916 3663 -7072
100 2
-8612 -7263 -2359 -8819 -1573 3246 4649 -9092 -39 -8483 4952 -3981 2935 8174 -9479 716 5173 3949 2578 4611 9028 -1053 -4588 1454 5762 1008 -2927 3873 3526 7341 -3581 4527 2087 -6503 -4632 -7801 -9261 7089 -5434 -9387 5759 -2634 -4598 10000 2708 7089 7241 -1366 2839 1889 -4341 -4743 -8342 -5361 -1220 7616 -5604 2862 3708 -4016 949 -8819 222 -986 -2746 9122 -7232 -7849 -6658 3389 7393 -1706 -8823 -8991 4311 7724 3862 6236 -2417 -650 5122 2543 -237 4035 -1587 -7507 -8633 2630 -4221 6617 7279 -9240 9928 9027 -8693 1980 2481 -3991 -7552
100 5
-1708 -2849 9482 -1434 -3588 5074 5545 -7042 -7564 -68 5548 519 1691 9935 2300 5260 3389 5455 -182 -610 -3361 -1396 -7438 5895 4024 -1425 -8297 8304 9981 3829 -3916 1500 5077 8813 4652 3104 -1207 7342 -7650 -876 515 1983 -1061 -3456 -6689 9921 -7443 -4376 2852 1035 -415 3734 -7074 -1810 6136 -5156 -7923 -123 2103 4997 -5519 558 -8646 6321 -1889 -1501 -8940 -6539 -990 -7885 -547 -8964 5954 7018 -1673 -9587 -47 2154 2656 -3786 8656 1558 7331 8498 1624 221 -8318 1963 -5872 278 6830 842 2918 -6324 9745 6459
100 5
-6655 967 -6646 9377 -9913 -1054 6644 5477 2571 -2365 -1860 -3613 5278 5272 -9112 7064 -1140 8788 7083 2333 8553 -345 5642 2194 1480 3840 -6380 -2595 -4983 598 7590 8089 8606 8941 -6552 4527 -7501 9320 9097 -5330 9731 7321 -3542 -9848 200 -8070 -2848 9295 7132 -4163 -2563 -6695 -6244 -5493 169 -3372 -2543 1066 4065 4971 7937 7522 8796 -3344 -6888 8208 -2483 2617 9266 4165 6938 6983 -2953 2526 1127 -7833 4985 6705 -698 -6438 -3759 2873 -4679 8126 7459 -310 -4449 -1506 -2828 6334 -6165 -3702 -2577 8149 2286 -3614
100 5
5976 -7038 -1742 -5449 -314 5397 -9418 1503 -7330 2002 3340 -5751 3277 2085 -2084 -7667 -8632 4252 9942 2573 3450 9610 1393 -785 -6075 -8772 2068 8501 -3738 -7125 -3775 440 2308 -2209 8922 -6671 3700 -2525 8012 -3116 9450 1777 458 -3710 8404 -8073 5752 -5823 -6633 -6081 3609 -3223 1685 -5888 -8517 -142 -7463 3469 7843 -1259 -444 6750 1842 -3487 6365 43 629 8975 9838 -4296 4740 -5508 8825 7111 9282 -3353 -4356 -1774 7687 -9747 9707 7939 515 3498 8582 -4405 5998 3886 -1989 -7302 5135 1130 7546 4008 6660 -9705
100 5
-9378 1227 -9643 3993 5912 6375 6394 3730 9068 3849 -5344 -5698 -7514 -1812 9552 1977 -6605 -3619 5775 6330 206 -7774 8295 3229 -5692 -7125 5995 3289 -4128 -4701 -6202 9176 -5412 -9530 -1190 307 -9945 -3510 -3392 509 -5555 -3257 -6559 -4365 8660 3458 -4125 -6181 4498 -4609 -2785 -8230 2534 -3152 8649 -6241 8134 596 -9827 -6385 -9261 171 -909 5385 -8728 -9399 -2996 -1415 -6054 -7480 -5979 4552 8597 -3778 -3322 3384 -8992 -5223 -7689 2814 -6878 59 1514 -8123 -7768 1961 -2827 -5883 1332 7861 -7021 -3202 -7132 8008 -8235 -1762
100 10
-3373 6894 -9364 4765 -6113 1483 9661 1612 -6779 -6866 7931 897 -6123 8334 6659 -3359 -7691 5989 -9472 6300 -1756 6425 -1910 5485 -2903 3151 2625 8581 6392 7256 1444 -5915 -4881 1424 -994 4952 -3692 -2841 5502 3103 7562 5194 -1855 1245 4489 4631 -6680 -9494 7690 -4968 -4806 -4248 -5795 -8691 -4509 -8710 9084 6093 -4558 -8533 -9199 9532 -9198 -3873 2234 -4850 -8799 -2550 -6945 -637 5268 -3704 4089 -2694 9136 5963 -4430 -2311 9007 -7223 -2329 5 -1968 -6396 495 -5259 -2367 8216 -7650 851 7455
100 10
9391 334 3524 4391 -9223 5948 7047 -3424 -5588 -7976 8384 9898 1794 9203 -7130 -6065 9036 -97 6183 2104 4701 -3150 174 -40 -6063 -4567 2844 6625 288 7766 428 3389 -3391 -4498 -1804 -5609 1704 -6849 905 -8960 -2472 -5304 436 2185 -5540 8850 6001 2605 4544 -9258 -8514 -6848 -1278 7812 -4929 229 6658 -9950 39 -2537 -749 8097 6666 1881 104 9061 78 532 -3513 1136 -2202 -9087 -3856 -4597 -4775 3498 -3130 3100 5076 -6099 -2687 424 9091 1255 -9156 -4771 292 4403 752 -5906 5274
100 10
8706 6239 -8370 -8958 -3121 127 2926 -6808 -6092 62 2626 6181 9292 4713 3173 -7084 -409 -990 9169 6024 -9801 -2664 -6574 -4845 -3360 9945 -3967 969 805 -1794 -3016 -6928 5740 3125 -802 5614 6518 -8187 4433 5636 -8713 -7204 5530 -1297 500 2148 -9500 -8543 1670 7587 2751 2012 5860 -6496 -8992 1849 8723 -63 1599 52 -7007 -9059 3793 -6197 -1537 2420 -8074 2870 -2603 -8455 504 -1213 -5794 2800 -8769 -7082 -5912 8221 1739 -9970 3663 6014 -983 -1329 -5527 -7084 -6551 -719 1101 8722 -3549
100 10
5649 2664 2908 1921 8541 -2794 -6376 5808 -7471 -7322 8587 -3642 -6116 2827 7512 -2725 5445 -554 4110 317 6239 9322 -8067 -8438 -22 2331 -4570 -143 -3114 8044 8635 8013 9064 -7096 99 7529 4340 -6667 3065 -9096 6983 2499 4098 -962 2779 -3852 6400 7833 -7130 -5798 -9962 593 9236 5108 4264 177 -2697 -7933 -7949 1048 871 -9526 6340 7984 1299 9252 7101 -3934 3820 -5452 9524 -5369 1161 5872 -3192 5971 -4517 -7803 -6700 -9764 7608 4567 -6730 -8904 2922 -1054 671 -2069 -2948 9707 -2317
100 100
-7430
100 100
-9721
100 100
-3529
100 100
-4117
2 2
-2048
5 2
6379 4859 -5510 5419
10 2
5084 -3801 7801 -6236 7555 -5652 -1479 -9681 6368
100 100
3302
100 2
-10000 10000 -10000 10000 -10000 10000 -10000 10000 -10000 10000 -10000 10000 -10000 10000 -10000 10000 -10000 10000 -10000 10000 -10000 10000 -10000 10000 -10000 10000 -10000 10000 -10000 10000 -10000 10000 -10000 10000 -10000 10000 -10000 10000 -10000 10000 -10000 10000 -10000 10000 -10000 10000 -10000 10000 -10000 10000 -10000 10000 -10000 10000 -10000 10000 -10000 10000 -10000 10000 -10000 10000 -10000 10000 -10000 10000 -10000 10000 -10000 10000 -10000 10000 -10000 10000 -10000 10000 -10000 10000 -10000 10000 -10000 10000 -10000 10000 -10000 10000 -10000 10000 -10000 10000 -10000 10000 -10000 10000 -10000 10000 -10000 10000 -10000
100 10
-10000 10000 -10000 10000 -10000 10000 -10000 10000 -10000 10000 -10000 10000 -10000 10000 -10000 10000 -10000 10000 -10000 10000 -10000 10000 -10000 10000 -10000 10000 -10000 10000 -10000 10000 -10000 10000 -10000 10000 -10000 10000 -10000 10000 -10000 10000 -10000 10000 -10000 10000 -10000 10000 -10000 10000 -10000 10000 -10000 10000 -10000 10000 -10000 10000 -10000 10000 -10000 10000 -10000 10000 -10000 10000 -10000 10000 -10000 10000 -10000 10000 -10000 10000 -10000 10000 -10000 10000 -10000 10000 -10000 10000 -10000 10000 -10000 10000 -10000 10000 -10000 10000 -10000 10000 -10000
100 20
-10000 10000 -10000 10000 -10000 10000 -10000 10000 -10000 10000 -10000 10000 -10000 10000 -10000 10000 -10000 10000 -10000 10000 -10000 10000 -10000 10000 -10000 10000 -10000 10000 -10000 10000 -10000 10000 -10000 10000 -10000 10000 -10000 10000 -10000 10000 -10000 10000 -10000 10000 -10000 10000 -10000 10000 -10000 10000 -10000 10000 -10000 10000 -10000 10000 -10000 10000 -10000 10000 -10000 10000 -10000 10000 -10000 10000 -10000 10000 -10000 10000 -10000 10000 -10000 10000 -10000 10000 -10000 10000 -10000 10000 -10000
100 100
-10000
100 3
-10000 10000 -10000 10000 -10000 10000 -10000 10000 -10000 10000 -10000 10000 -10000 10000 -10000 10000 -10000 10000 -10000 10000 -10000 10000 -10000 10000 -10000 10000 -10000 10000 -10000 10000 -10000 10000 -10000 10000 -10000 10000 -10000 10000 -10000 10000 -10000 10000 -10000 10000 -10000 10000 -10000 10000 -10000 10000 -10000 10000 -10000 10000 -10000 10000 -10000 10000 -10000 10000 -10000 10000 -10000 10000 -10000 10000 -10000 10000 -10000 10000 -10000 10000 -10000 10000 -10000 10000 -10000 10000 -10000 10000 -10000 10000 -10000 10000 -10000 10000 -10000 10000 -10000 10000 -10000 10000 -10000 10000 -10000 10000 -10000 10000
100 11
-10000 10000 -10000 10000 -10000 10000 -10000 10000 -10000 10000 -10000 10000 -10000 10000 -10000 10000 -10000 10000 -10000 10000 -10000 10000 -10000 10000 -10000 10000 -10000 10000 -10000 10000 -10000 10000 -10000 10000 -10000 10000 -10000 10000 -10000 10000 -10000 10000 -10000 10000 -10000 10000 -10000 10000 -10000 10000 -10000 10000 -10000 10000 -10000 10000 -10000 10000 -10000 10000 -10000 10000 -10000 10000 -10000 10000 -10000 10000 -10000 10000 -10000 10000 -10000 10000 -10000 10000 -10000 10000 -10000 10000 -10000 10000 -10000 10000 -10000 10000 -10000 10000 -10000 10000
100 21
-10000 10000 -10000 10000 -10000 10000 -10000 10000 -10000 10000 -10000 10000 -10000 10000 -10000 10000 -10000 10000 -10000 10000 -10000 10000 -10000 10000 -10000 10000 -10000 10000 -10000 10000 -10000 10000 -10000 10000 -10000 10000 -10000 10000 -10000 10000 -10000 10000 -10000 10000 -10000 10000 -10000 10000 -10000 10000 -10000 10000 -10000 10000 -10000 10000 -10000 10000 -10000 10000 -10000 10000 -10000 10000 -10000 10000 -10000 10000 -10000 10000 -10000 10000 -10000 10000 -10000 10000 -10000 10000 -10000 10000
100 99
-10000 10000
100 20
120 132 -6873 8845 824 3700 -1289 -4761 5865 -3801 -7090 8888 -3871 -2330 6291 -4945 -865 -7386 594 7278 -1507 -3514 -9414 -1922 -4891 -4359 9168 -1304 8179 -1965 8461 -6584 2791 -1587 8911 -4952 8599 -2473 -8677 5145 -1425 4016 3813 -182 943 -6264 8095 3253 9112 -1356 7667 6977 4516 -1482 -8610 3925 7752 5017 -3359 -8863 111 -1654 4440 -8043 2081 8694 -6292 4288 -274 -2657 -6525 8961 7988 9354 -3919 8922 1356 -5953 -1822 6004 -3013
100 93
-1685 117 -9985 7060 -9470 9500 -2707 2061
100 2
-7420 5216 9999 9694 -379 6401 -2689 -2074 -8649 -4355 -8234 7095 2678 -178 760 4769 -1827 7797 7681 -2378 -1368 -4548 8848 -5100 -1793 -8644 -6082 3787 257 1883 -6703 1235 6790 -7569 -4940 -3836 -7522 -7699 3725 1881 6285 -2798 2820 5198 -9829 8164 1834 3382 -6665 -3948 5284 1174 -2724 -6564 205 6999 -92 -649 -6735 -683 4690 -2968 -1199 -9821 5687 5356 -7969 -2160 -3706 -4530 -4856 -7070 -9982 1776 2441 5144 -3235 3542 7746 -5728 -2945 -4100 2346 -3614 -5678 -8105 3875 5946 3355 6751 1436 -4633 -4321 7315 -7126 -4110 -539 -7835 -4376
100 75
-241 2139 -6288 -638 4613 -2169 5972 3771 8006 2275 -7355 5534 475 -7942 -9914 6602 9529 -8585 5327 -2267 3374 7129 -6409 -4037 1398 6674
100 53
-5271 2880 -4713 8044 5956 6001 -9691 2651 9869 -295 7620 -1409 -167 -9133 7361 26 6960 -3024 2536 315 5427 3257 7228 -6591 5316 -7412 7849 -4978 8029 -4241 -693 5215 3397 5446 -1687 6712 5258 -2957 -2569 6280 6313 -2622 6032 -8292 -6599 -1602 2231 8005
100 70
7776 4706 2991 1926 -4765 -6855 -9118 -7034 -7172 9099 -2260 1395 -6835 -6961 -4871 -229 9733 4897 5433 -9748 4249 8099 7098 -2326 577 -1653 7412 -4787 4697 8252 -8783
100 68
3012 -5628 -4443 2241 -6751 6778 6488 -3092 -6468 9341 392 -6872 1081 3305 3919 -8391 1198 6026 6344 -8368 -8984 6318 3064 1030 5325 7465 -8565 867 -1184 -5415 -7660 1440 3071
100 67
-1171 -3655 -1020 6162 6970 -2429 7478 7882 -1698 -654 1073 -1364 3525 -2351 -1608 7792 7437 6162 1775 5977 6788 9027 529 3435 -7471 -7220 -8169 7990 1609 9485 575 -1905 6187 4136
100 34
-2288 -523 -8624 9542 7920 -1653 -3270 -7108 9105 4673 7069 -1270 3041 1949 -2370 9406 9108 2817 -2790 5976 2233 -8903 -8859 -1486 -4130 -4906 3325 -7191 3244 2046 -5302 4973 1241 -9592 1492 -3913 7530 3594 -9344 -3177 4529 1295 9606 6418 9478 6377 -5047 3213 8674 3674 -3962 9074 8303 2562 3138 6697 547 5713 -246 9819 6847 6635 -4590 1480 -3815 2795 -1916
100 39
-8001 -3840 -5896 -548 -6979 5346 -5393 -7594 -2046 7592 9430 -1352 -1831 -571 -9813 -3242 -5020 8062 230 -2989 5516 9073 -976 -5898 -7630 -7939 -1640 -6915 -4482 218 -5526 -1161 -4202 8372 -8170 7505 2630 -243 -6683 4842 1331 353 -7200 2323 -8524 -774 -8104 -5689 -312 -7 725 2020 2923 3400 -1796 -9271 1416 3015 2865 -2677 -4457 -9683
100 85
-2328 7370 -6325 2307 9292 -3948 9309 118 -3407 3057 -1688 1996 -334 -7316 1692 3965
100 27
-4664 4144 -4526 -8825 9964 -2351 -524 9885 4147 -2055 -7765 8265 -9346 413 195 -1928 -2286 -3725 6678 -7521 2935 -4006 -9781 489 -3727 2389 -1956 9167 -5707 -5038 -951 -1227 -8018 -9797 3762 8780 -2265 1692 6169 -7978 7653 -9047 1314 8850 -2568 -9576 -4027 -8171 -8783 -8878 7741 2093 1488 623 8574 -546 7255 -118 6384 7989 -9412 7908 3537 -7878 -1807 43 -1372 -5305 9003 7945 3386 -2309 -4754 1851
100 88
-7149 -2557 264 -7328 -95 -271 -9465 -6313 5030 -3559 2534 -182 4354
100 30
-2767 -128 -4218 -615 8378 -3465 8540 -5373 827 -5534 6305 5709 4944 1383 -9805 3401 -8099 -945 5442 681 -6054 4560 -838 2838 1386 -8373 6098 3187 1582 4884 2003 -6509 -4340 1678 8547 -4066 6640 -6659 9500 7418 -5815 3185 8633 -5182 -6659 -277 -22 -8915 1303 9569 -1673 -7494 6200 5550 4908 2409 -5638 6315 2786 -5973 4002 -3211 1877 -8843 -209 5158 -5876 5886 -3995 1127 5583
100 79
1306 5303 4609 -458 -3206 -2673 -4655 -9447 6828 -3718 -266 -524 6303 -2883 2043 -8293 -9609 -2165 8828 -1518 -4387 -3945
100 30
3736 7488 -9713 -9655 -2811 -6459 -4686 -1230 3933 8648 6386 -5305 -3151 2959 -2685 -9963 388 3315 -3209 1476 -3344 8110 4 -939 9877 -6008 9589 6391 -6711 6207 7690 -9534 -3608 -4117 -6958 -5335 -2913 4534 -9341 5493 -2215 -2091 -2159 -6670 -5441 4902 2601 1424 -5366 5308 2270 -4188 -2882 -5436 -3534 4490 3844 -5763 7474 -7061 -4981 7804 1925 7632 5154 -3408 -9137 -5001 6773 1009 8530
100 84
1989 4987 7935 -3271 1643 1734 -5602 -510 -1431 -321 853 -700 3377 780 -1803 6012 -2420
100 3
-93 1540 2321 -9878 1381 -1774 -7704 9515 4349 -8938 -624 -4284 2248 -7746 2552 815 -5208 -8908 -7536 7039 2967 9691 5659 2842 6530 -2451 -9524 -8130 -1299 1159 400 -5033 6040 6366 -9209 3097 -9866 5983 -2685 -8078 -6388 7355 -1758 -7605 -7085 6727 -8609 7233 3720 2409 1017 -8393 7428 4715 2154 -3282 7550 8954 9352 1561 6260 -6661 2822 -3466 7306 630 -7728 -1367 -761 8422 -7462 -6801 6817 -5351 1798 9954 5996 -4767 8692 3050 -4054 3728 -9696 -98 -8691 -5311 5370 -3942 -9016 9280 7031 8335 -6875 -1349 -6607 -7964 5283 -8155
100 82
5574 -2283 -6741 8911 6494 -6664 -7708 7192 -3022 7790 5521 9763 2424 3630 9203 3497 6544 7273 3245
100 9
-8562 -2392 7314 7313 -9628 -8344 2035 -7384 -5647 7938 2696 -2444 9223 7807 -1962 5229 -6122 -9074 -1077 -8369 3842 -514 5755 4218 539 -3333 -6889 -6802 -4661 -8569 -974 -2148 278 8883 -6698 -5869 -2802 2925 1270 -9351 -9244 -19 -1535 -7497 4920 4280 6045 7618 -9025 3968 7496 -1319 -882 -7246 -1072 1161 9005 3433 -8856 383 -4915 -3342 9608 2869 576 -6232 -674 -5430 -927 -6899 -277 4085 -1435 -6054 4783 -7955 7192 -4476 -6496 -8041 9233 5470 -9263 2778 -7760 -3409 -7408 -1451 3931 -4270 3460 548
100 61
4524 7267 4630 -9409 -8857 -8650 855 -7094 1059 7971 2445 -7754 1603 -448 -4164 1013 -6243 -3770 -3364 8508 -9213 8830 2097 -2345 8141 -4473 -9753 -5828 8884 6983 -7540 7026 -6814 -9877 7740 9941 -6513 -5087 -5656 435
100 74
583 6577 2078 -6716 4066 4993 7238 -3109 8839 -5192 -5461 -6428 -8602 -4358 2050 -957 7946 5912 -7531 -5945 -6869 1778 1441 -2110 8151 7819 2116
100 96
8991 -4325 -3595 -7277 -7113
100 74
-55 2247 3573 -2252 -8584 7350 4924 -8095 1141 -9916 -8042 1295 8934 -8248 4999 803 -8358 6206 -2964 -8393 2318 -5464 5783 -4239 7918 8556 4594
100 16
-6189 422 -3264 2211 1672 -1745 -132 501 -2698 -2380 -499 -4539 -8433 -7775 9531 2179 3116 8638 197 -4060 835 -4769 -1048 -1100 -651 4533 -976 6904 -635 -3935 7346 4212 -8115 9760 7111 7047 4944 1863 6900 -2773 -3620 -841 853 8024 7302 -4880 3816 -2428 -6683 3719 -1651 -9029 -5710 8537 852 2304 -4082 -2709 -2887 -4391 -5706 2838 -5093 -3958 -7730 6264 4773 -3056 -7771 -8684 3995 -2553 -4223 -246 -4715 -5044 -168 -5585 1552 5117 8954 -4927 8931 -7845 -605
100 12
6462 -5905 196 -9203 2821 2188 8581 7803 -5790 1918 4720 542 4342 -2469 1284 -9186 -9927 -3860 -9577 -2168 7130 -1918 7552 -3036 -8391 3058 -6331 9371 2387 -6979 -3172 7417 5743 7488 6711 -2516 -6535 -7601 -7001 -3037 5045 6390 7104 -2583 4189 8876 -6057 7958 -7218 5867 -4571 8738 -2505 3337 6933 -5081 792 3276 1602 6973 -1012 203 2079 1914 3923 -3038 4855 -7331 5936 4048 2078 1797 -8796 -4209 2693 894 8278 -3360 6188 -269 -9614 3275 5978 -7401 3313 5939 7874 3142 -8961
100 22
-9422 -4006 4276 237 -6084 8578 -5403 -8651 4684 7584 -3350 8394 2653 -866 2293 5803 -7293 -4204 9695 8525 3689 -166 -7808 9294 3070 4770 -7652 -1090 2748 -1664 -9260 -1697 -6292 -317 1139 -3018 -7710 6608 -6486 2109 -6911 4881 1540 -4139 -3523 6231 1462 2771 5595 -6105 8186 -9674 -7266 8359 -9091 1226 5685 -4137 -8711 -8652 -9908 8297 446 -6384 -5040 -7116 -1018 -8571 -2071 7991 2532 3474 1715 5971 5770 -408 -7703 3094 -9534
100 91
3601 5215 -514 9446 -7737 5228 -970 3804 1444 2054
100 48
-3954 -2437 -3595 9199 -9519 -1389 3898 -6216 3918 -7142 447 4834 -2911 -5878 714 -1458 1060 464 -7908 -1855 -7829 564 -9757 3551 7488 -4814 -1850 5268 7770 -6759 8432 3577 3737 8289 -7651 -5561 7377 -4812 -1100 9529 9017 -2562 -3055 9279 7988 -8678 3727 -5092 -3436 -120 3515 3754 6156
