100
1 2
10
00
2 9
010111111 000100000
110001111 100010000
2 10
0010001110 0001111010
0001101001 0010011101
6 9
010001111 101101100 001000110 000001010 100101101 110000010
000001110 101101000 100101001 110000110 001000010 010001011
10 8
10101001 00110100 01110100 11001001 01010100 01110110 10001011 11101011 00010110 11101001
10101001 10001001 01110110 00110100 00010110 11101011 01010100 10001011 11001001 00010100
10 10
1010011100 0001001010 0101010010 0101001111 1110110011 1100110101 0010100000 1010100001 1001101101 0111011110
0010010100 1110110110 1100100111 0001011000 1001011001 0001100101 1010110011 0101001010 0111001100 1110101011
4 4
0001 1010 0011 1011
1001 1011 0100 1010
2 2
00 11
10 01
10 10
0010110101 0001110010 0010111110 0100000000 1011111101 0110101110 1101011010 1001000011 1110001101 1101000001
0110100101 0100001011 1001011000 0000011011 1111111111 0000010000 1111100100 1100101000 0011010111 1011100110
10 10
1001000100 1010110010 0001001001 1100010001 1000100110 0110010110 0110101111 1111111101 0001011000 0111101011
1001010000 1000010100 1111110010 0001000110 0100001001 1000101101 1111100011 0111111111 0010101010 0110011101
10 10
1010011111 0111100101 0001111010 1100010110 0110100101 1011001000 1101001100 1011011011 0000100001 0100110010
1010101110 1100101010 0000011100 1010111101 0111000011 0101010100 0001000111 0110000011 1101110000 1011111001
9 8
10000010 10011010 01011011 00000111 11101111 10111000 01111001 11001101 10011101
10111100 01111011 11001111 00011011 11110000 10011010 00011110 01101110 00101100
8 9
000011011 110011001 110110100 111010101 111111001 001010100 100001000 111010011
010111100 010011110 110001000 011010101 110001110 110111111 011100110 000111100
10 10
0101110110 0010001111 1100011111 1011101010 1001100001 0110010010 0000100000 0111001001 1010110101 1101011100
0001010010 1011000111 1110010001 1001101000 0010000110 0110111011 1100101110 0111111000 1101110101 0000001101
10 10
1000100001 1011010110 0001011111 1111110011 1000111010 0100010101 0110101100 0111101000 0100001110 1011000001
0011000001 0100010011 1000100111 0111110011 0111100100 1011011010 1010011110 0100001000 1101101101 1000111100
5 4
0000 0001 1111 0110 1100
1010 0000 0001 0010 1100
6 6
001001 110101 110011 011111 101100 010100
010011 100110 111010 000110 000111 001111
10 10
1001000000 0111101010 1001001000 1011001000 0101101010 0101100010 1010010101 0111101011 1011001001 0110110111
1000011100 0111101011 1011000001 1011001001 0100111110 1001000001 0111100011 1001000000 0101100011 0101100010
6 9
111101111 011111001 110100110 001111111 001100011 001011110
000001100 000101100 011100100 011001000 011101111 100101101
10 10
0010010011 0011001110 0001001000 1010110010 1101101101 0110110111 1101011001 1100100100 0000111110 1111000001
0000101110 1111000100 0001100111 1010111101 0001010011 1100110100 1110011001 0011001011 0110111000 1101000010
10 10
0111000001 1001100110 0000111001 0000010001 0100100101 0110111111 1001110010 1010001010 1111011110 1111001100
1011110010 1011100000 1110110100 1101011000 0100101111 1101001100 0000011011 0011111111 0010000001 0100000111
4 10
0000110100 1101001100 1011101101 1101101000
0001101001 1011110001 0001011001 0100111000
6 8
10100110 00010001 01011010 00100110 00010101 11011000
11011011 00000101 10001111 11111010 01100101 11110101
7 5
00010 11111 01111 01100 01101 11100 10001
10011 00000 00011 11110 01101 00010 10000
10 10
1100001011 0100100011 0001011101 1111000000 1010101000 0101111110 0010110010 1110110100 0001010111 1011001101
1110001100 0101000110 0100011011 0001100101 0001101111 1111111000 1010010000 1011110101 0010001010 1100110011
6 9
111111011 100011001 101010101 111000001 000010010 010000101
110011110 011100000 100110000 001110111 110100100 101111100
10 10
0010111010 0100000101 1111011011 1111101001 1010110000 1100010100 0001111010 0001001110 1100100101 0011000111
0000101111 0011011011 1101111100 0001010010 1101001110 1110110000 1110000001 1000100101 0011101111 0110010000
1 3
011
101
3 9
111100100 001011010 100101010
111101101 100100011 010011101
2 6
110100 100010
010111 000001
9 7
1111011 1100110 1000110 1100100 1111100 0100001 0110010 1010101 1110001
0110010 0110000 0101010 0100111 0101101 0010000 0000011 1100100 1110111
10 10
0110111000 1101101001 1100110001 0011011011 0000000110 0011001010 1010001100 1101010110 1010100101 0101110111
0101001100 0101110011 0010111111 1011000001 1011010000 1000011100 1110100010 1101101101 0100101011 0010010110
8 8
00011010 00111110 00111111 00000010 11000111 11011111 00100111 00100110
11011000 11011001 11100100 00111001 11000001 00100001 11000000 11111100
10 10
1011001010 0001010001 0100000101 1111110010 0010110110 1100000101 1011101111 1111111000 0100001011 0000111100
1000111010 0011001101 0101111110 0111110100 0110011001 1100000010 1011001101 1000110000 0011000011 1100100111
10 10
0001100101 0110001000 0111111011 1001010101 0111011000 1010100111 1011110110 1000001000 1100100011 0100011110
0110001110 1000100000 0110101101 0111111101 0101101011 1010000011 1011010010 0000010000 1101010110 1001111101
10 10
1101001001 0100001111 1000100000 0011110011 0011111101 1101100000 1000110110 0011011010 0110011110 1110000101
0001001101 0100011011 0010101000 0001100100 1000100010 0100001101 1111010000 1010110011 1111110111 1111011110
6 6
011010 110001 111000 011000 111010 010001
011010 111000 010001 111010 011000 110001
10 10
0010100000 0101001110 1101011101 1000011100 0011010011 1111001001 0100100011 1001110111 1010111010 0110100100
0011000111 1010101110 0001100001 1100110011 1111011001 0100100000 1011011101 1101011110 0000001010 0110110100
4 10
1101011010 1100011011 1110001111 1111001110
0010110001 0000100101 0011110000 0001100100
9 9
110010010 010011011 000100001 001100100 000100100 000110110 111001011 010000110 010111110
101100101 000010011 010100011 010000010 011110111 100011100 000101011 010001101 101101011
10 10
0111110101 0101000111 1000100010 0011110100 0011011101 0010001000 1101001011 1100111111 1010111010 1100000000
1111110111 0100100001 1011010101 0010010010 0000100000 1101101111 1010011110 0101011101 0100001000 1011101010
4 8
00100111 10001001 10000000 01110100
00000001 10111110 01011000 00010101
2 2
11 10
00 11
10 10
1111001001 0100001010 0111110001 1101001101 0010110110 1100110110 0001000101 1001101110 0010011010 1010110001
1111011001 0001100010 0111011110 1010100001 1001011110 0100101101 0111110010 1100000110 0010011001 1000100101
8 10
1011111101 1111010011 1011111100 1011100010 0010011011 1011110010 1111010010 1111010111
0101101110 1010001110 1000001100 1001101111 1011000000 0100001010 0001010110 1101101001
4 10
0110001101 0110001001 1010000110 1010000010
0100001001 1000000010 1000000110 0100001101
4 6
111101 101001 101101 111010
001101 001010 011010 011110
4 8
01010011 11101100 01101100 11010011
00001101 10110010 00110010 10001101
10 10
1100001011 1000100000 1101000000 0010111110 1000000111 1011011101 0011100000 0111010110 0101111011 0110111101
1110100100 1011111001 0101011001 0100010010 0000011110 1010100111 1101100010 1111001111 0011000100 0000111001
10 10
0011111000 1100001101 1011100110 0110110110 1110001011 1001111101 0101010010 0000000011 0011100000 1100011101
1011001001 0010010110 0111000111 0100100100 1100100010 1001001111 1011011001 0100111100 0001110010 1110111001
10 10
1000000001 0101011100 0101010110 1011101000 1110100111 0110010111 0000111101 1011100010 0010011010 1101101001
0010110100 1010001011 0111011100 0100111111 1101000111 1010000001 1001001010 0100110101 0001111010 1111100000
6 8
01110111 11101110 00010111 10101110 10001110 00110111
10101000 00010001 10001000 01010001 11001000 00110001
10 10
1001010111 0110011000 0100100000 0001111101 0110110111 1011001000 1011101010 0101000001 1110000110 1000111111
0000011100 1000000010 1011011011 0101110000 0111001101 1010111010 0101010010 0110100101 1000101101 1111100111
2 4
0111 1111
0100 1100
10 10
1011010010 1101101011 0100101101 0010011101 1000000000 0101010110 1111110000 1110101010 0001000101 0010111111
1100111101 0000010011 1110100110 0101111011 1001010110 1010000100 1111111100 0100000000 0011101001 0011001011
2 6
110010 100101
010010 000101
3 10
0100100101 0010001010 1101000010
0101010101 0011111010 1010011101
4 10
0111110001 0010100110 0100100100 1010000101
1001111101 0001011110 1100101010 1111111111
10 10
1011001101 0001110011 0010000101 0100001110 0101001010 0001110000 1010110110 1100010011 1111111100 1110101001
1010010110 0110111010 1011000011 0001110101 1111110010 1000101100 0000110001 0101001111 1110001001 0101001100
4 8
01010001 11000011 11010100 11100000
11001000 11111100 01001101 11011111
10 10
0010001000 1011001111 0101011010 0101110111 1100111100 1011101001 0010000111 0100010011 1100110000 1011100100
0110100011 1000010000 1000011101 0001110001 1000110110 0111101010 0110001110 1111000101 1111001001 0001111110
2 5
11000 11101
10010 10111
10 10
0101100010 1000110001 1011011110 0111010100 0010100100 1000001001 0111101011 1110001011 1100110110 0001011101
1111010110 0101010101 0011011100 0001101010 1100000001 0011100011 0110101100 1000111110 1010000011 1100111001
4 6
111001 001001 000111 110111
100110 101000 011000 010110
10 10
0100101001 0001000010 1010110001 1101101001 0011010110 1110000011 1110100111 0101011100 0001111100 1010011110
1010110001 0001000010 1000100101 0110011010 1111011010 0101110000 0001101101 1110101111 0101010100 1010001111
10 10
0010001100 1101100100 0100011010 0010111110 1111010011 1101111111 1000100000 0010011011 0111000101 1001100001
1110111001 0101100110 0000011101 0101010100 1010100111 1010111100 1111111000 0011000010 0101000011 1000001011
5 5
00111 10010 11110 01001 10001
10111 01001 01010 11111 00111
10 10
1100111000 1101000100 0011011001 1010101000 1100111110 0001010111 0011000001 1010001010 0110110111 0101100111
1111000010 1000100010 0011111111 0101001011 0101001101 0100110001 1010101100 1100010010 1010110100 0011011101
2 7
1000011 1110011
0111010 0001010
10 10
1100000011 1110001111 0111010001 0000101111 0010110000 0101011110 1000100000 0011111000 1101100110 1011011101
1001011001 0100101110 0010001000 1011010101 1100001011 0111111001 0101100110 1010110000 0000000111 1111110110
10 10
1101011111 0110100010 1111011001 1011000111 1011101101 0000010000 0100101010 1100110111 0011011000 0000100100
0110111110 1101101001 0010000100 0110001010 0101110110 1101000011 0000001100 1001110111 1011110001 1010011001
10 10
0100100001 0110000001 1010011000 1011111110 0111011110 0010110011 1001101101 1000010010 0101001110 1101100101
1101111001 0010110101 1111110011 1110010101 0000100101 0111011000 1000001110 0001001010 1100000110 0011101010
10 10
1001001100 0000010100 1001010011 1100001100 0111011011 1000111111 0111101110 0010100001 1110100010 0111110001
1101111101 1101010111 1000000111 0011110101 1101001000 1010110010 0011101010 0100000100 0010011001 0110101010
10 10
0111000110 1001101000 1001101100 1000000000 1110011111 0111010011 0100011110 1000110101 0111101001 0010110011
0100000101 1010000000 0111110010 0001011111 1011101100 1101110011 1011011001 0100111111 1010000100 0100101010
4 5
00110 11001 11111 00000
00110 00000 11001 11111
4 7
1001100 0011100 1001111 0100101
1111111 0000100 0010110 1011111
2 7
1001000 0001000
0111100 1111100
3 4
1111 1001 0010
0101 1110 1000
8 10
0011001000 1100100111 0111011000 1100110000 0100000110 1101011011 1101010110 0000000010
0011001000 0111001100 1011110011 1010101100 1100101001 1111001100 1000000101 0001111110
3 2
01 00 10
11 00 01
2 5
10000 00011
11100 00000
4 4
0101 1011 1101 0111
1000 1101 1110 0000
9 8
10111110 11011001 11000111 11111110 01001001 10011100 10101111 01010011 00011001
10010000 01010000 00000000 00011010 11110111 11100110 11010101 10001110 10110111
2 5
11110 10010
11010 11001
4 6
101010 010001 010011 101000
100010 011011 011001 100000
4 6
111111 000111 100101 011010
001010 110010 010000 101111
6 6
000111 111000 100111 111100 011100 100011
111100 100111 011000 000011 111000 100011
4 7
0010111 0101010 0011101 0110011
1100101 1011000 1101111 1000001
10 10
0000100100 1001001011 0010110001 0111001101 1110011010 1100001000 1011100101 0111010110 0101110010 1000111111
0100011111 1010100001 1000110011 0110001010 0011101101 1111011110 1101110000 1100000100 0001001001 0011110110
10 10
1100010000 0110001010 1100111001 0011100101 1010011110 1001100010 0001011010 0011010101 0101100111 1110101101
0100101100 0111010000 1011000100 0011100011 1100010100 0001110111 1110101011 1110011011 1000101001 0001011110
2 10
1001011110 0000110100
0010110100 1011011110
2 8
01101011 01001111
10001111 10101011
8 8
01111001 11010011 10110010 01100100 00101010 11000010 11001110 01100101
11111011 01010000 01001101 10110100 01011100 11111010 11100111 00101100
10 10
0010110011 0001100000 0101101110 1110011000 1111011000 0100011101 1001100111 1011100100 0000000111 1110011011
1100110101 0010101010 0010101001 1101010010 0111010110 1110000001 1000101111 0011101010 0101010101 1001011100
10 10
1011010000 0000010011 0101101001 1011101100 1111101100 0001101110 0000010111 1110010011 0110110100 1100001011
0000001001 1011110011 0011010100 0101110111 0101110011 1110110000 1010001100 1001101011 1110001100 0100001110
8 10
1111000001 1010001000 0111010001 0101110111 0000100111 1101100111 1000101110 0010000001
0100100110 1001100110 1110010000 0110000000 1011000000 0011001001 0001101111 1100110110
10 10
1100000100 0000111111 1010001110 0111101100 0001001000 1101110011 1010001011 1111110011 0011010100 0100110001
1001101010 0000110101 1001101111 1100010010 0111010000 1111100101 1110010010 0010101001 0100001101 0011011110
10 10
1010101000 0001101111 1110011000 1101101011 0100010100 1001011011 0100000000 1110010111 0011100101 0011110110
1111111001 1100001010 1111110110 0101100001 0010000100 0010010111 1011001001 1000111010 0000001110 0101110101
9 7
1110111 0000100 0100011 1111101 0110110 0011100 0010010 0100101 1100010
0011101 1111011 0100011 1000010 1001111 1010101 0010100 1100110 0010101
10 10
1011011011 1010110110 0010111010 1111010011 1111101010 0101010101 0100000100 1100101101 0001001001 0000100100
0101000101 0110111011 1111000011 0101111100 1011011111 0000100000 0001001101 1010110010 1000101100 1110010010
