100
1 2
01
11
8 7
1011000 1010001 1100100 1110100 0111001 1000001 1001000 0101001
1101010 0110111 0001011 0000010 1111010 0100111 0011011 0010010
6 7
1111011 1101001 1001101 1100001 1110011 1011111
0011011 0110111 0001001 0000001 0100101 0010011
10 6
011111 001011 111000 110110 101011 100100 011100 011010 100111 100001
100100 110110 011010 000111 100011 111010 010110 101010 000100 000110
4 7
1010001 0101100 1111010 0110110
0000011 1000010 0101110 1001100
8 9
111010100 011000010 101101010 100101001 110000101 011101000 000001001 000100011
011000101 111010011 011101111 101101101 000001110 100101110 110000010 000100100
10 7
0101101 1101100 0001110 1110000 0000110 0100111 0000111 0000001 1101111 0011101
1111011 1100001 1111101 0010000 1011011 0001100 1111010 1110010 1010001 0010011
10 9
100010110 100000110 100000100 110110000 001001000 000010011 000010000 010001100 011100110 000010001
010110111 001110011 101001111 111101001 111111011 111111001 000011001 011101100 011101110 011101111
6 7
0001011 0111010 1110000 1000001 1110100 1000101
0111000 1110110 0001001 1000111 1110010 1000011
2 9
100111001 101111110
101110110 100110001
9 10
1111111000 0100101011 0110001100 1010011100 1011100001 1101010110 1010011010 0100000000 1101100010
1100101101 0011111111 1010110111 0100000001 1110100100 0001000011 1001011101 1010001011 0010110111
10 10
0101010001 1000110100 1001011001 0101100101 1110111011 1011101010 0010000111 0010000000 0111101110 1100011110
1110100010 0101010010 1100011101 1011001011 0111110111 0010100110 1100101001 1011001100 0001111000 0000010101
2 5
00000 00001
10110 10111
2 4
1101 0001
1000 0100
4 7
0111110 0000010 1101010 0100011
1001001 0011101 1010100 1110101
10 9
111111110 001001111 111010100 111000011 101011001 010111111 101110001 000001111 010100010 000001001
011100000 001010000 010100000 100101100 011100110 100010001 100111011 110011110 110110110 001001101
10 10
1101110110 1100100100 1011001100 1001100110 0111111001 0001011011 0110010010 1010111111 0100000001 0010001001
1100100010 0010001111 1010101010 0111001101 0011011101 1000111001 1001010010 0101100111 1111110000 0100010100
9 10
1010111000 1010101101 1110000010 0000111111 1101011011 1101111000 1010011011 1011011010 1100010101
1101000011 1000011011 1001101100 0011111110 1001111001 1111010100 1001011010 1110111001 1110011010
10 10
0001111110 1010111011 1010100101 0101000010 0111110000 0001001111 0100011100 1100010001 1011100110 1110001001
1110111010 0101011011 1000010000 0110110111 1100100010 0011100100 1000001110 0011010101 1001001101 0111101001
10 10
0000011010 0101001101 1011110101 0010000010 1010101100 0100010110 1110110010 1101101001 0101101001 1011010111
0100100100 0011100001 1110010010 0101111101 0101011111 1100001010 1011000101 1010011110 1011100001 0000111010
6 5
00010 01010 01000 01011 10101 01110
00100 11010 11111 11011 11001 10011
10 10
0000011010 1111011100 0111001101 1111100010 0001100010 0000011101 1011100011 0100010001 1010101111 1100110100
0111101100 1100100001 1111001001 0010011111 1000011110 0011100111 0011100000 1001010010 0100110000 1100011111
4 10
0011100101 1110010111 1100011110 0001101100
1111000111 0000111100 1101001110 0010110101
10 10
0000001001 1000011100 0101010001 1010011110 0011101111 1111111010 1001100111 0110000101 0100110000 1111100010
0011111001 0001111011 0100000111 1111010101 0010000010 1110110100 1101100000 1000001010 1011101100 0100011111
1 8
10111010
10111000
10 10
1111000010 1111111110 0111111101 1000110110 0011010110 1010110001 0000101011 0101001000 1000000101 0100001001
0100100110 0011101110 0011010010 1001011000 1100111011 0100010101 1000011001 1011101101 0110100001 1111000110
6 9
111001100 011010011 010101011 101111100 000000000 001011010
000101100 110110101 011100010 000011011 100011110 100011011
1 5
10011
01001
2 4
0100 0110
0101 0111
9 10
0111101001 1110101010 1001110000 0101110010 1010010100 0100111110 1111110010 1110000000 0001011000
0101001100 1101100100 1001001110 1011010101 0010111100 0010010110 0011001110 1000000010 0110101000
1 4
1110
1101
2 6
100001 000010
010010 110001
10 10
1000010010 0001111000 1110010110 0110000101 0000101111 0110101010 1111011110 1101100001 0011011101 1001100001
0010110100 1100001101 1101011010 0011111100 0001000011 0101000011 1010001000 1111111111 1010100111 0100110000
1 8
00101100
00000110
10 10
1000111011 0111100100 0011000010 0000111100 0110011101 0011010010 1000101011 1100001001 1101010101 1111100110
0010011011 1010011100 1100111101 0110101001 0111110101 0010001011 1001100010 0101000110 1001110010 1101000100
10 5
01110 00011 01111 10100 10101 10010 11010 10011 00010 11011
00101 00011 11110 00100 10011 11111 00010 01011 10010 01010
10 10
1011110100 0100011001 0110001001 0100011000 0110010000 1011111100 0110011000 1001111101 1001111100 1011101101
1001110111 0110010010 1011111110 1011110110 0110011010 1011100111 0110000011 1001110110 0100010011 0100010010
10 5
01001 00000 11010 00001 11111 01000 10010 01101 10011 11011
11111 00000 10010 11010 01001 01000 10011 01101 11011 00001
2 9
101001111 001111111
100001000 000111000
10 10
1111000110 0110100100 1111110001 0101001000 0000110111 1011110000 0010001100 1000111111 0001011011 1100001011
0110010001 0101011100 1111110011 0001101000 1000001100 1100011111 0010100111 1001100000 0110100110 1011011011
4 7
1111111 0011110 0001101 0010110
0101011 0010000 1010110 1101010
10 10
1010101001 1100100011 0100111001 1101001101 1101101100 0011010010 0011000110 0100110010 0011010111 1010011100
0001010110 0001010011 0001000111 0110110011 1000011101 1110100010 1111101101 1000101000 0110111000 1111001100
6 8
11000011 10101011 11101100 10100111 11110010 00100100
01110010 11110010 10001001 01111111 10011110 11101101
6 8
01111101 00100001 10011101 01011001 11111010 01000010
10110010 10010110 01110110 10101001 00010001 11001010
3 4
0100 0110 1000
1100 0000 1110
10 8
00001100 00100001 10011101 00110101 01001110 01100011 00001101 01001111 01110111 11011111
11101111 01010011 10101101 11111011 10000001 11000010 00010001 10111001 11000011 10000000
10 10
1100101110 1001101110 1011011010 1100011101 1110001100 1111110001 0000110111 0101000110 0111001111 0000001111
0101011010 0101110010 1000101110 0111100000 0000000111 1000001110 1001110000 0000000101 1000001001 0000010001
1 9
010111001
100010111
2 3
110 010
110 010
8 8
11010000 01010001 11100010 10011100 10010111 01100111 10000001 10010011
10101000 00101101 00010010 00001000 10101001 10101110 00000111 11010001
10 10
1000000001 0100001110 1101110011 0000110000 1101011100 1011001101 0010110011 0011111111 1110100010 0111001100
1000100001 0011011111 1100010010 1111010000 1001101101 0101111100 0000010011 0110000010 0110101101 1011101110
2 9
110110110 010001000
011001101 110000100
2 3
000 001
000 011
10 10
0011010101 0001101000 1101110111 1000101110 0111010011 0000001000 1111000010 0110001101 1100110001 1010111110
1111111100 1010100101 1000010000 0000000001 0001011111 0100000111 1011100011 0110111010 1101101100 0111011010
5 9
110011001 100001101 001000110 111000000 010110111
100100001 101011101 001011011 111010011 011000110
10 10
1010111101 0101110100 0101000000 1111011011 1010000010 0010100111 1011011011 1100110100 0000001110 0101101001
1111010111 1001011110 1100111000 1001100001 0110100011 0110010111 0001000100 0110001010 1000111000 0011101101
6 9
010101101 100100111 000010000 100010010 000100101 010011000
011011000 011101101 001010000 111101111 001100101 111011010
10 7
0101001 1111110 1101010 0100011 1011100 1111100 0111101 1001000 1101000 0110111
1001011 1111101 1111111 0100000 1011111 0101010 1101011 0111110 1101001 0110100
10 10
1001111100 1111011100 1010110100 0010000110 1111000010 0100111011 0101110001 0010001011 1101101001 0000000111
0111101001 1101011010 1001100110 0100100001 1111011011 0000110100 1000101100 0010000001 1111010110 0010011111
10 10
1010001010 0101000000 1011011101 1001111111 0010100001 0010010000 1100001110 0111111111 0101110101 1100100010
0001000000 1100110101 0011001010 0011111111 1010011101 1101100010 0100011110 1111000000 1010110001 0100101111
3 9
111010011 001011101 111101100
100001111 010111110 010000001
10 10
0000011011 1101100001 0011001110 1110100101 1011111011 0010110100 1011010100 0100010010 1100001000 0101101111
1010001010 1111010100 0011000101 0100011110 1101111001 0001101010 0010111111 1010100101 0101100011 1100010000
4 10
0100000100 1100010001 0100010101 1100000000
0010100110 0010110111 1010100010 1010110011
10 10
0101001001 1110000000 1111110100 0110000011 0000101100 0000011011 1010010111 1101111101 1011101110 0001110010
1101111001 0011010101 0010001011 1110000100 1000010111 1100001101 0110110000 0011100010 1001101110 0101111010
3 7
0101101 0001111 0011101
0010101 0100101 0110111
2 5
11000 00100
01010 00010
4 8
11000011 01101010 01111000 11010001
01101010 11010001 11000011 01111000
4 10
0101001110 1001110001 0001110001 1101001110
1001110001 0101001110 0001110001 1101001110
10 10
0000010100 0110110100 0111010101 1010101111 0110101000 1000011011 1011101110 0101101011 1001010010 1101000001
1011000110 0100111100 1010111011 0000101111 0110000000 1101111010 0101110101 1011011010 0111000001 1000000101
2 6
111011 001000
010101 100110
10 10
1001011110 0010001110 0010101010 0100000001 0111010101 1111101010 1101110001 1010100101 0100111011 1001010100
1000100100 0101000001 1000101110 0101111011 1100001011 1110010000 1011011111 0011110100 0011010000 0110101111
3 5
01000 01010 11110
11011 01111 01110
4 8
00011000 10111100 01101001 00111011
11000111 01000000 01011000 01001101
3 7
0101111 1010100 1001000
0010010 0110101 1010010
10 10
1100111101 0010110000 1011010111 0001101101 0011100001 1010110000 1111011000 1110111001 1011100010 1111100111
1000001000 1101001001 1110101000 0111001010 1000010111 0111011001 1101001110 0010000010 0001000110 1001110000
5 6
101111 001011 011100 110001 011101
100010 000110 011000 110100 110101
10 10
0100000101 0000101111 1100011011 1010111010 1111111000 1111100000 1001010111 0111010110 0000100001 0011001100
1000111010 0100010110 1011010111 1011011001 0111101101 1111110011 0010100001 0100001110 1100100000 0001001100
10 10
0011110000 1100010101 0111101110 0110011011 0000111100 0101001011 1011110100 1100000110 1011001001 1000100011
1001011010 0001011110 1010010110 0110101100 1101000100 0001100011 0110111111 0010001001 1111100001 1100110001
10 10
0110110001 0000000101 1100011101 1001101110 0001010000 0111011011 1010000010 1111101110 1110100101 0001111010
0101011101 0010111100 0100110111 1100000010 1001101110 1111110001 0010010110 0011101001 1101001001 1010000010
5 9
001001100 010011011 001001110 111011011 100110101
111110111 111110101 100100000 001100000 010001110
6 8
11100101 11110001 01011100 00011100 10110001 10100101
01100100 11011101 00100100 10011101 01110000 00110000
10 5
01011 10001 11011 11010 00110 11111 00010 00011 00101 01111
00011 10110 11011 11010 01000 00010 00110 10010 11100 11111
4 5
11111 00101 11101 00111
11001 11011 00011 00001
10 10
0011101111 0000010100 1010101101 1110001111 1001110010 0011010011 1101000010 0100110000 1100101001 0111011100
1011111100 1000110001 1111011110 0110011100 0010101111 1001011010 1100000001 0001000011 0101100111 0110100000
6 6
101001 100101 100001 000000 001000 101101
011011 010111 011111 010011 111110 110110
5 10
0000001110 0010011100 1110010101 1100110000 1110110001
0010100111 1110111010 1111110110 0000001010 1100110010
10 6
011111 001100 100001 001101 110010 110011 011110 001111 100000 100011
100011 100001 001111 100010 110000 110001 011101 011100 001110 001101
10 10
1100100110 1101111000 1100110000 1011000110 0101010011 1010011001 0010000110 0111101001 0000111111 0011001101
1001100100 0001001111 0011110101 0100100011 0110011010 1110000101 0111010001 1000111010 1000101100 1111011010
4 4
1101 0110 1100 1010
1111 0011 1000 1001
8 9
100100010 100001111 101011101 101100111 101111110 111111001 100000100 010111000
111010000 010000101 101011011 011101000 011110000 110010011 000111011 000101100
5 5
01100 10010 10111 00111 10000
01001 10100 11000 10010 10111
2 4
1001 0011
1111 0101
2 6
000010 011011
001001 100011
4 10
0110000010 0000010001 1010000011 1111110111
0110010000 1100000010 1001110110 0000000011
10 10
1110000011 1110001011 0010110111 1000011111 0100100100 1001000000 0001110001 0011111100 0101011000 1111101110
1101000111 0110001101 1100111011 0111100000 1011010100 0111101000 0000100011 1010011111 1000010010 0001111100
6 8
01100000 10000100 01100100 10100110 10100011 00001011
00101001 11100110 10011101 11000100 11001010 00111111
2 6
110111 001001
011001 100111
2 7
1000100 1101011
1010100 1111011
10 10
1011110111 0011100110 0011001001 0001011100 1110011101 1100111001 1011100010 0100110010 1100001000 0100000111
1111111011 1111001110 1000101111 1010010101 0111110000 0101010100 0000101011 1000000000 0000111110 0111000001
9 9
101001011 100011000 001000000 011010001 010100100 010010110 010110110 001100100 101011010
000000000 011100100 100011000 110000010 001001000 000001100 011010011 111010111 111110011
