100
1 5000000 1 5000000
1 5000000 1 5000000
1 5000000 1 5000000
1 5000000 1 5000000
1 5000000 1 5000000
1 5000000 1 5000000
1 5000000 1 5000000
1 5000000 1 5000000
1 5000000 1 5000000
1 5000000 1 5000000
1 5000000 1 5000000
1 5000000 1 5000000
1 5000000 1 5000000
1 5000000 1 5000000
1 5000000 1 5000000
1 5000000 1 5000000
1 5000000 1 5000000
1 5000000 1 5000000
1 5000000 1 5000000
1 5000000 1 5000000
1 5000000 1 5000000
1 5000000 1 5000000
1 5000000 1 5000000
1 5000000 1 5000000
1 5000000 1 5000000
1 5000000 1 5000000
1 5000000 1 5000000
1 5000000 1 5000000
1 5000000 1 5000000
1 5000000 1 5000000
1 5000000 1 5000000
1 5000000 1 5000000
1 5000000 1 5000000
1 5000000 1 5000000
1 5000000 1 5000000
1 5000000 1 5000000
1 5000000 1 5000000
1 5000000 1 5000000
1 5000000 1 5000000
1 5000000 1 5000000
1 5000000 1 5000000
1 5000000 1 5000000
1 5000000 1 5000000
1 5000000 1 5000000
1 5000000 1 5000000
1 5000000 1 5000000
1 5000000 1 5000000
1 5000000 1 5000000
1 5000000 1 5000000
1 5000000 1 5000000
1 5000000 1 5000000
1 5000000 1 5000000
1 5000000 1 5000000
1 5000000 1 5000000
1 5000000 1 5000000
1 5000000 1 5000000
1 5000000 1 5000000
1 5000000 1 5000000
1 5000000 1 5000000
1 5000000 1 5000000
1 5000000 1 5000000
1 5000000 1 5000000
1 5000000 1 5000000
1 5000000 1 5000000
1 5000000 1 5000000
1 5000000 1 5000000
1 5000000 1 5000000
1 5000000 1 5000000
1 5000000 1 5000000
1 5000000 1 5000000
1 5000000 1 5000000
1 5000000 1 5000000
1 5000000 1 5000000
1 5000000 1 5000000
1 5000000 1 5000000
1 5000000 1 5000000
1 5000000 1 5000000
1 5000000 1 5000000
1 5000000 1 5000000
1 5000000 1 5000000
1 5000000 1 5000000
1 5000000 1 5000000
1 5000000 1 5000000
1 5000000 1 5000000
1 5000000 1 5000000
1 5000000 1 5000000
1 5000000 1 5000000
1 5000000 1 5000000
1 5000000 1 5000000
1 5000000 1 5000000
1 5000000 1 5000000
1 5000000 1 5000000
1 5000000 1 5000000
1 5000000 1 5000000
1 5000000 1 5000000
1 5000000 1 5000000
1 5000000 1 5000000
1 5000000 1 5000000
1 5000000 1 5000000
1 5000000 1 5000000
