100
4 2
5 2
6 2
1000 1000
1000 1
1000000 523101
999999 499997
500000 262143
3 2
837446 782282
429528 337139
756073 741650
500000 237856
999999 475712
1000000 475713
500000 127
500000 250000
708911 605101
1000000 1
999999 2
500000 249998
840897 796834
880666 805695
4 1
1000000 499998
999999 127
912177 734659
691284 536226
577328 490322
936051 892105
999999 475711
999999 262144
439223 415746
736934 613388
1 1
500000 131071
514804 511345
999999 262143
273026 235953
1000000 262143
500000 1
752616 662652
3 1
500000 128
1000000 1000000
999999 524287
999999 128
592871 452927
882831 867929
5 1
536786 426505
1000000 2
500000 262144
464903 372106
271231 267037
581784 483299
388332 311403
1000000 127
999999 524288
500000 237857
2 1
713587 619250
1000000 524287
606342 568704
727355 569741
500000 499999
500000 249999
887799 803510
999999 485678
1000000 128
500000 2
765956 597956
1000000 262144
619525 547377
999999 999998
1000000 524288
500000 131072
1000000 412083
682676 605011
499666 432765
1000000 500000
500000 500000
1000000 999999
2 2
975826 766862
712431 694554
652431 551378
500000 144749
1000000 475712
999999 499999
961360 759831
999999 999999
999999 1
939918 736580
407352 324942
500000 255494
960556 792174
1000000 499999
999999 499998
999999 323541
