100
4 2
5 2
6 2
1000 1000
1000 1
1000 512
999 497
500 143
341 257
999 499
999 999
500 255
357 337
400 396
500 1
999 2
847 811
2 2
976 793
840 770
724 562
3 2
856 822
649 624
3 1
591 495
999 487
415 362
500 245
657 539
713 703
500 127
473 405
500 248
500 256
837 739
1000 419
491 390
811 614
999 256
1000 498
999 493
999 488
1 1
1000 127
946 859
349 338
601 593
354 316
1000 255
1000 511
500 244
999 511
496 448
500 95
405 342
999 998
1000 488
1000 999
4 1
500 253
999 323
999 127
1000 2
999 255
940 816
500 2
500 500
596 482
546 501
922 902
1000 256
742 595
950 912
1000 489
999 512
1000 500
392 337
534 523
500 249
383 348
500 116
2 1
999 128
500 250
639 532
291 275
370 319
559 505
326 294
1000 128
1000 499
500 117
350 319
999 1
999 498
5 1
800 737
500 499
500 128
