20
218492221 46085
3 7 1 999969453
45068754 29153
2 9 5 999904402
693840425 90561
2 6 7 999957328
1000000000 100000
99999 1 99999 100000
46 18
7 11 9 46
1000000000 100000
100000 1 0 1000000000
640834505 28785
3 9 1 999946125
82 81
58 56 739 82
1000000000 1
12 7 74 12
164 96
76 2 193 164
1000000000 100000
1 1 1 1000000000
73 26
5 8 4 54214
232959116 56689
4 9 1 999903057
249718282 93729
1 5 6 999917908
254 99
1 8 9 74990
1000000000 100000
999999999 1 999999999 1000000000
78 51
3 5 5 51230
131 74
1 9 10 78736
22 21
1 4 869 22
97 39
34 37 656 97
