100
2525 1
2400 5
300 2
120 60
60 90
971237369 1000
560965641 237
425593483 2252
392754420 6264
595116929 6452
701584830 417
547422727 2585
51763945 1831
352104292 3101
824019786 3202
799472769 912
248685778 9324
577901937 9061
115109132 407
487948267 4745
132893422 4604
245275251 1726
568983448 1305
363743619 4871
183880915 4199
943684895 1920
899048573 639
438558468 6742
12356324 7931
701901780 3425
450192180 7231
768682559 321
157214898 3267
804573433 7102
828366030 4158
131188410 129
468579066 5702
582722931 4888
368979624 7589
783599367 782
407596525 1872
218619828 677
432428744 295
896858016 3072
459336305 8058
532544399 6530
753871451 1163
138044852 8942
470915165 2741
127439175 9400
327462839 3111
576172179 996
773479685 3329
600175799 5072
229648691 300
666556760 2110
280056515 5977
705325679 7678
137340546 3110
282864326 3064
929890576 9571
926522544 5221
295468816 459
853510217 9374
26191914 1823
231319057 2657
49031971 1866
833421883 4711
383837896 3383
953840329 3621
869722643 9243
122398173 696
804984642 4464
45821980 4632
656942949 5422
898983707 9258
202034344 9451
379355957 3990
336876828 1213
886637965 433
650981878 1328
661103126 8838
633902802 5910
274394964 6062
898515113 1820
451820667 8505
89553603 7797
715549133 9438
349176084 6597
107772141 3151
959633056 810
928650096 7882
457977569 3577
128621714 2536
540223546 9793
622812204 5824
398480762 1765
541344746 7296
866292239 2211
73603001 6769
653784890 5041
663418184 5211
955562903 9447
12854403 6831
940359038 5566
697695281 2298
449313655 5833
61726787 1124
137349280 8391
748682742 6092
54407094 7468
499967064 6870
608943380 8680
537951936 2357
808368334 9426
473840693 7564
946117588 4967
227115410 4199
668539753 1592
460235704 3983
212022000 5511
882936897 7266
601248860 6819
308211002 9813
510454928 1574
743250323 9401
962928896 6022
354421106 1974
599962607 4719
480778665 2488
941776978 7679
204475088 6815
892411342 5352
680725024 2137
363458518 5032
306332220 3286
537385448 1606
408493296 6160
93610004 1727
484674752 3140
617388193 8530
668818261 2521
203203686 5160
795365703 3680
358040435 138
164391126 3095
703890665 7309
707159073 4578
52123077 3819
687112152 6270
155674279 5162
258386994 5523
560376073 8298
606322843 4061
583209166 7121
696348350 6123
969772272 6244
408887458 942
743808338 8444
253772243 7104
252814587 3726
828846460 4807
577965080 4684
362573025 346
37075752 4793
594229149 5562
132664514 6679
712316292 9886
821465566 626
914702941 7640
264157042 5764
465498107 8146
99556599 1177
492252933 3251
630208744 1350
951452039 7296
134759156 8294
77817695 6138
101546405 2404
203516801 1449
44538570 4442
801239225 1134
515888038 9757
504071341 8979
666372533 3705
268489904 8159
598037730 5033
940782986 7923
319075293 7902
918306683 555
6477537 7807
26062829 5841
470504767 106
227535299 7767
498242592 5005
761272320 2466
406094806 2451
216310442 3164
17406113 738
683209182 211
81991410 3070
230182143 7683
147764529 9816
628775472 7944
805783719 4546
766982425 8047
571088891 440
213921822 2482
745396736 3652
804675394 299
530051643 3788
751583075 4558
488319264 7960
951903836 5525
720049080 9459
682053458 3584
699485050 4377
51554988 8759
876982349 7065
128150623 5494
256532534 82
790840985 5930
818851975 4864
32153264 7999
429183105 2905
194174463 5104
420045788 3996
621417370 7570
486752648 1875
939823988 14
253670762 1289
189475059 1909
189182744 4530
456897869 31
109879796 1988
915977050 8703
439122221 3130
336422434 7733
714722448 8973
94371980 9688
32069894 5771
170149139 3181
62412067 8210
603793742 4841
837693214 2751
13479700 3875
964103116 6686
206876890 1032
761148020 7967
377853790 7642
947772811 4871
647173100 4313
286722753 1956
393477665 3143
914248021 5132
794712437 7021
265129447 1463
131468083 2355
925910007 6081
949965190 5868
448832438 8373
379355248 4396
734652927 3867
478184940 8410
54258414 1515
341361872 8690
33897286 9923
232421089 299
463360830 8353
331088729 9335
569064525 7642
818584811 6622
386990196 4948
415656473 9160
907026928 9050
303438968 6815
253971338 1110
968348915 8401
639488177 3783
66311378 6508
497111779 9996
240776419 9091
33117148 2921
225759024 5558
776822705 2383
424500158 6695
95433820 6826
704574086 8987
249525827 1504
435396415 686
826640799 418
120638134 1957
72060951 390
832966890 8716
351416423 6278
517564044 6519
891362490 8220
411444154 6866
626522096 1420
625659998 326
254500452 6641
29533146 3083
735455778 3511
840158271 6649
850927017 1326
119123986 9791
653415352 7070
909596894 9494
373121382 2612
104318051 8936
845541330 5598
229504970 5814
42088452 9000
802269882 5539
281122159 3127
794886099 120
453944387 6973
141709410 8868
901093449 3147
532698495 1258
415943548 9920
705477842 6870
189222049 5417
941761357 8792
47668833 9564
6340903 8306
923756000 9323
321832417 2095
252624459 6500
92150351 516
892391654 4166
727424261 7829
851897658 3720
319018176 7139
784377035 4844
491710026 3022
414860004 7385
527708672 3351
791050296 4078
438071840 2769
83117321 9210
688197766 8546
930757974 1880
329885989 8874
927003771 7709
781912741 7927
764858711 2618
944115425 4686
808617863 332
802438694 5308
514496649 2611
162722616 4862
74968309 238
455244037 4723
130858055 8174
419634549 8332
365729545 200
118499394 4699
118454533 4840
873958575 2767
567455739 887
256630540 7154
453067439 1769
465800985 9897
175735286 3085
579256876 8134
364896614 2531
183217836 8648
316404022 1670
244988592 679
714899521 6172
664895130 6720
310675640 4533
741473687 3903
702038928 7192
767948189 5867
353276616 9340
491988655 25
753067772 2911
18288057 5177
486811924 8612
591345639 828
545293719 1888
537187278 6163
33904434 5667
926558107 9037
257806764 6859
77161167 9437
516944920 8497
377286899 4380
421303009 7901
13961180 9731
601623810 7470
508573491 3320
85185178 6152
955473771 3449
280708305 1840
421203071 8536
349505907 2741
709295136 7390
783506862 5447
84172635 7283
880240099 8309
876521035 3830
764951348 9746
394552313 9634
141122986 9794
223343420 8677
219448369 2768
821161201 4112
726763650 1423
328258847 9672
18851083 9328
946900607 2943
967506333 4829
292849897 8898
700269753 2252
574248412 8541
179413376 6622
916125358 2650
253998815 1041
255218745 4584
873231798 965
491667477 6426
347154016 4344
190217822 8146
923767056 9834
509638086 6153
937937518 4462
209113938 5864
629015984 8976
512515979 8946
764443141 7092
86822589 7002
55890603 4562
136987571 8820
685452514 3032
849372533 8237
365934836 241
828963711 6542
114285383 3190
97068222 2914
429831543 8686
953289897 4766
825503161 8643
717765521 9370
305030458 515
781231484 3420
887117714 127
811170113 9985
501315140 9408
766245202 7080
582466524 4292
405800005 5940
347637173 5103
79025315 7316
602022523 8604
899024247 7949
320318436 2214
796252586 265
213117037 5814
823240794 2961
425483656 2500
417763318 1327
611621139 5786
798021513 269
305924840 1855
902170280 1892
951431437 3454
35966408 4183
941975795 7847
435866687 7581
266959361 9743
457060275 2514
857651733 2939
651476007 9425
617634623 6637
561250612 4432
61922496 1432
746180696 540
416364616 3836
392667440 9990
497568324 7736
471460780 4590
866465109 1632
74759779 64
594719493 6891
927997195 9087
445823433 2380
834003278 8958
357190945 1343
795306464 8732
880742904 9368
881941983 8048
863004336 782
631099570 484
97453922 6926
569016899 2753
450129366 7559
168841519 4633
366268739 1398
296960522 2070
340649645 7370
251616140 2905
883642272 9317
954995336 7988
958864287 7299
933335071 3933
870150800 5014
836211988 8549
36018246 7017
599095320 1375
263353963 6619
435809592 3229
519410228 2747
574545093 1246
461387163 4917
408717042 9881
728479085 9945
557433861 9687
123344538 8194
542767031 4765
304085570 7047
411521951 6715
199664126 922
546065342 571
164979627 1131
229992970 3323
157630582 133
937506295 223
433936553 7315
59803345 170
540693240 3577
411864511 1657
770899151 6127
681806409 4083
418114877 6019
506875696 3269
403779369 6298
729487428 9333
671389890 2485
393579751 4457
394229889 6441
529572783 34
734932332 1541
944144509 5901
951469162 1042
780136231 516
69925030 2981
13976899 6680
704401021 6658
895207414 887
618913832 9196
697475200 9572
257181129 3022
854827104 4888
667227997 6341
106496561 1632
714144445 3193
856214176 4441
868693756 9571
840221425 1208
748130863 9201
749645635 90
367140056 8096
961029007 1920
829897999 1896
23414949 5692
62944985 4780
951202240 8360
96043292 324
583093252 6961
571455117 2194
935498071 3427
171670270 4336
214391098 9635
664000549 5817
481558517 2233
7750310 540
637730070 3866
626180081 1468
446512445 9079
83782840 2225
247448908 3496
519398273 3369
660802132 1825
432666009 9090
308962003 439
759108465 973
200166406 6376
336686459 414
342365407 6759
150729628 4051
830896723 5695
931682493 321
436407541 8525
905550542 7319
589811963 6929
18684714 6776
273887721 1353
693256680 3380
432220975 1358
942350281 5797
567911782 2228
609393568 7750
701489970 1006
806357778 4459
238970057 594
418528634 391
147975837 675
670822785 4644
462036724 9199
489856185 5726
438162337 928
280575049 7853
875200654 7024
365315135 4822
243246984 5650
325911902 7229
465318539 7650
646850529 5046
209885355 4889
232609809 6495
624759964 8442
612131980 7818
549306621 6170
104502714 1242
504815538 9654
899412698 9441
254867959 7360
480343236 3602
760986795 2437
303806459 5515
573399445 9241
672061157 9419
516076277 2305
907262969 1107
84847054 4658
608956095 2995
337875684 2028
673639660 9725
68523208 4130
898233005 4790
603870826 6469
676268446 9255
151424906 6297
756957412 7681
479947299 3301
278973136 6683
733164026 5690
383118653 2397
376723625 1219
618562604 9132
312331343 5286
101961342 959
687239963 8747
629362235 381
832042039 7743
201572448 572
49479395 4452
344312841 3418
23497297 444
484809019 5820
840147253 2842
571449904 4205
544386934 7404
711400321 3136
207255368 2234
761454790 1599
961025865 8375
85113133 5161
970511128 9926
443688254 9049
343054658 1055
473428025 6017
234096327 5266
654096089 8247
230802441 5374
388742104 1050
868040450 433
870958004 8756
318677493 7466
140438927 5902
916211908 271
834570357 9528
173486516 6753
314038010 1775
429956579 3283
397281609 5708
883886834 9339
922459368 8792
894587671 9921
795512747 2619
693699173 1392
111264921 7931
703486575 343
155878565 4630
622576408 9766
782867512 4094
614462574 7779
681587337 1991
780344593 9856
857714485 493
598374146 3657
831385895 2430
927992593 4361
265856549 2551
211544894 1765
538325728 1509
253282805 3153
551236886 6356
622016818 3525
126690458 5696
734762212 4611
585165296 6479
841835424 225
933253317 7855
764780043 201
225945236 1897
273033286 6087
799612906 4539
888758383 8212
729782901 9576
559527519 9666
529438890 5424
804311630 8970
905604267 6085
638336008 8983
218069403 2847
853713287 8828
517803115 9185
614822171 2056
824352546 5945
665339367 7621
136805076 9380
445495189 2085
687420196 2002
83477685 3838
801521563 1058
586913916 8875
402990428 1116
652962667 970
58087268 6901
68835694 4475
230709541 837
866997936 1238
575902475 8092
579422066 1402
237692435 2558
51183071 40
925836077 5796
270471958 1413
612140823 6888
850005462 3517
902251266 8600
201000290 5378
186089630 5290
352224420 8756
395994402 4912
248847233 8069
425162606 3994
913042934 1264
914018638 1528
728747587 2523
463553667 2458
759921452 1239
183855659 2252
539226667 406
699651967 3488
441423623 7246
387441845 3924
612982216 7098
216325837 9136
7578755 7692
751248033 9917
754962939 9552
206273458 7663
923211326 4099
134275107 3823
506519006 3090
941741378 2033
292963635 6619
132096517 9131
449710777 6772
518645967 9954
150072061 1534
780922250 3494
381753355 7255
778600614 6325
845318583 887
324972134 7087
165681991 1524
702498848 2548
945232750 194
563614935 8052
260190902 3054
665276375 8182
767590652 1231
712823577 1971
340209003 1194
505719208 8489
716579102 2866
662026076 98
789881198 3169
897606229 4116
862356597 131
51595221 7406
525350660 557
903817301 3040
707609269 515
816743072 852
235498188 7636
286688505 5190
651287601 5469
723141558 1701
921790171 4465
224794447 4844
512257116 5640
698195680 6093
506706870 1457
563144538 7502
870591051 3309
819918480 6321
749029158 914
776281455 8767
643832388 1844
46370204 6783
61273174 6593
86445932 6582
276914788 5954
60389254 8152
167942320 5957
732449762 8717
298186154 7760
154347251 9350
491366005 5623
538553813 7962
777848353 8106
109452431 374
697128662 3843
634514507 4567
872077470 9687
100627895 7047
288490696 1751
575324035 3733
515300720 2764
414084393 5345
766357214 7979
192524636 3540
504471854 2718
740477635 8151
80858032 7807
88126339 8944
566688020 9642
87877371 7740
954865356 9939
89411646 7631
829728717 6296
135736231 3680
595788493 6137
725817920 4014
677215396 352
631764443 7173
558316859 8640
656159422 7669
453230896 6041
305262429 2094
37745326 8403
613669981 2315
880429592 6435
924032431 6085
549894289 6209
350113697 4088
829192468 7167
570991991 5870
126485690 4876
960510018 9903
841171959 5465
163917015 6656
58613562 7720
341249229 1635
905954991 3861
769910973 1332
817055059 6308
54842382 148
318474636 8711
360353612 9189
351516317 9038
935310448 308
461950773 7467
146260559 5763
598804575 397
669174023 7454
620734020 8633
81902333 7338
970522658 9322
807182519 5756
371241393 3388
434354364 8811
509814311 7671
347117165 2451
871944994 6723
710714652 9551
446908794 4458
30529482 4913
102200522 6024
383438542 9175
484813617 5657
636712497 4839
84604684 5227
748448205 6394
492637417 793
550104341 232
733172544 6942
820167899 5398
194245500 5840
138961193 3460
425814906 1581
428090204 2249
634319215 5819
607125694 5460
75129553 7258
621334302 4159
225699857 8366
928684380 8123
892165736 764
540163650 4656
970469661 239
339376591 3277
151037190 5815
313974510 6342
670663164 5041
60707229 5918
84251276 6038
811746034 4248
793731957 5998
140849602 3272
939567044 1670
107484091 4842
376816014 8319
83807330 9630
340937492 9768
667136738 3598
754598213 3218
631729939 3203
191857513 9137
488034139 7979
701438158 7913
401447099 2357
329442642 4323
210352668 5583
720969077 9957
583109886 6810
694885977 260
874886644 9303
508468363 884
594804876 8714
356718544 8061
433890242 5655
677515128 2183
824128141 6999
790411606 4287
707144413 7324
621387024 4342
576079553 5923
936995610 4132
14634545 4331
639328064 9749
205830308 1730
23160571 2461
812297514 6511
95418023 6143
262886782 5408
368096436 1393
91524845 4212
200679359 4956
722213740 9897
56782768 8817
910913740 9876
143436500 5220
940061129 2748
560013888 8376
804181767 9585
440248614 8921
248070309 1032
618443048 9518
642276081 4775
566630235 4195
912071711 4193
519291601 1815
320288849 3577
142103895 3431
834462362 2594
643511504 7813
421836568 5691
531708712 47
203151777 9577
112681116 5109
683681777 399
863659237 7041
93689790 7619
829217124 5554
887846514 7352
605880968 783
12359791 235
101322885 4276
200000 100
6706 6
1097 2
5709 3
4274 3
9987 8
7673 9
4380 6
7799 7
1328 10
1307 9
9067 2
3745 3
7471 6
5869 10
4610 4
5652 8
6436 5
556 9
4517 8
8177 3
8059 9
7425 3
7743 7
9559 3
5875 9
574 6
3097 8
2916 10
7617 9
9043 8
1788 3
5000 10
1279 9
6263 6
4088 2
5974 8
614 4
7706 2
2766 4
9633 9
9785 2
6761 10
390 4
7070 2
4078 2
1727 8
8118 7
437 4
9555 6
8646 8
9988 1
1510 6
740 6
323 3
5115 8
6901 6
8650 4
305 5
336 5
5626 8
794 5
2859 9
9787 3
1611 6
1773 2
8688 6
9778 7
3281 5
553 8
8412 4
7040 10
962 4
9671 7
912 7
3976 6
4018 2
9199 10
1195 5
3836 10
35 7
982 2
6048 10
2422 2
9594 6
2272 7
1671 6
9493 4
6489 2
8603 5
255 9
8895 10
7183 5
5716 10
3642 8
351 5
3024 8
9517 7
1052 9
9952 10
9661 7
494692977 29
4773331 1934
32968328 2581
154028152 8516
148002088 7475
285816028 5627
459853954 406
194820631 1767
173165468 203
317765178 1349
416827270 9002
147405641 3278
252118543 9116
349452992 7659
133737827 3773
152431419 1035
493709748 4141
67001924 3442
260005885 851
129030510 7630
343972321 4447
137864816 1210
465256325 8554
236229730 1179
367159297 7293
14053062 5807
318655301 5843
15989182 2965
67166076 7108
125255070 890
119331942 30
54576815 1519
111843429 8917
46859710 8429
75098698 5510
112038807 1659
100648023 5576
16617690 2427
55204637 1665
100702969 7778
25721258 3305
52428296 8487
34297630 7610
72323658 8800
40573916 6948
107009568 8185
50551642 5871
60397646 1492
102160062 5061
101001874 5984
66174857 5627
12679649 5995
116585957 7801
116276062 3518
24288747 2366
118922222 3577
15908735 8365
39479910 2252
68068200 335
26294247 2308
98621422 9513
200000 100
3122 5
5841 5
4338 9
2100 8
8002 7
4984 8
7581 2
2904 4
8564 5
8283 5
8812 5
5092 8
9445 7
5306 9
1279 3
3193 4
1464 9
7279 2
3943 6
4753 5
7186 2
2338 6
623 6
2619 3
9998 8
3533 9
7035 7
5037 10
9549 6
3673 2
8295 5
1654 5
9315 6
7938 7
1895 10
9999 1
6068 10
2374 6
6656 6
8833 2
7064 8
415 2
7967 10
3813 2
8118 9
8695 8
4000 7
1486 8
7921 10
7309 6
4297 3
6941 10
7559 7
5729 2
3735 3
7270 4
515 4
315 5
141 10
4634 8
7393 8
8735 9
2385 3
465 6
9424 10
4813 4
7760 2
2021 7
9625 4
6484 2
1403 4
3268 10
6771 8
3483 4
430 5
1837 5
658 6
4381 10
222 5
4629 4
8926 10
2279 6
7575 2
5218 8
1893 7
3999 5
2635 8
9814 2
1186 10
8782 9
4716 4
5000 9
1451 6
9706 8
518 7
1523 9
5208 2
589 7
1487 2
9613 3
1000000000 100
12345620 58
12345658 20
12345672 6
12345624 54
12345616 62
12345635 43
12345671 7
12345578 100
12345655 23
12345663 15
12345596 82
12345600 78
12345586 92
12345639 39
12345617 61
12345652 26
12345670 8
12345618 60
12345661 17
12345675 3
12345603 75
12345666 12
12345604 74
12345581 97
12345627 51
12345606 72
12345610 68
12345625 53
12345656 22
12345647 31
12345622 56
12345580 98
12345646 32
12345607 71
12345643 35
12345638 40
12345632 46
12345605 73
12345592 86
12345637 41
12345602 76
12345593 85
12345669 9
12345649 29
12345642 36
12345631 47
12345657 21
12345676 2
12345583 95
12345591 87
12345598 80
12345613 65
12345594 84
12345599 79
12345648 30
12345660 18
12345628 50
12345673 5
12345644 34
12345641 37
12345577 101
12345585 93
12345608 70
12345611 67
12345667 11
12345587 91
12345674 4
12345623 55
12345584 94
12345597 81
12345626 52
12345579 99
12345589 89
12345634 44
12345668 10
12345615 63
12345614 64
12345609 69
12345651 27
12345629 49
12345582 96
12345621 57
12345645 33
12345590 88
12345659 19
12345654 24
12345653 25
12345630 48
12345650 28
12345619 59
12345636 42
12345601 77
12345612 66
12345595 83
12345633 45
12345588 90
12345664 14
12345665 13
12345662 16
12345640 38
302972340 24
82133789 518
240527008 92
235814678 6630
74291562 6108
18230139 3061
79406483 9051
36590201 6569
43700319 623
120026776 3223
151991102 7885
248804308 3669
170360298 7152
184399578 9230
158561677 7242
210635515 5090
9298071 7765
230129539 6983
38206728 8183
114979381 9174
215453922 722
28061217 1300
179427091 5491
271236220 2792
179942722 5206
449768952 16
103962738 4648
6184370 7864
257470935 1477
34612481 7264
36270206 8876
168728127 8050
95706167 3751
306542632 830
79079156 8167
157595565 1883
112276658 4940
110978534 774
226001344 3065
299370853 694
281659539 6956
330422286 2391
845345828 12
433308526 7357
195868690 4350
731689381 4096
26763576 6240
531892712 6531
460456863 4912
212561292 4720
489452299 4757
751631670 3382
599936869 2757
58336080 7717
688989380 7816
174079558 19
126666200 7887
51184911 7466
53736367 7631
73854854 2877
59625436 4118
88869969 451
104784539 3421
9740595 754
53714882 6521
24209044 1674
89155268 264
115549057 3055
104493499 3050
105530539 2095
30009631 6912
170687845 4145
122783470 5923
65559358 7322
19940114 7980
121104670 14
93495188 102
16104340 8382
27370167 8029
8594271 8513
35548401 8413
8006266 9866
1153866 4026
27918255 3646
57471083 2920
7295632 3386
109653367 2321
70436036 1351
85473631 5171
111420535 3075
345083762 35
276613179 1969
245937032 8513
214618357 2914
281863599 9154
63031998 5219
15252512 1279
135720699 3456
295270760 3714
281988901 8529
101977003 4745
305953670 7984
15683900 4884
266784173 251
215489128 526
146057698 3598
172255811 1491
311748040 9092
90324316 3046
154776084 5788
263440310 3542
100670814 5072
88197114 7784
148349709 2622
185952899 2263
238629510 4844
337062357 7237
172032680 1533
309293159 5656
302613502 1231
281258782 2061
23262308 8718
217364637 2762
52266727 4251
63143032 5366
263951104 3849
408691685 7
164950672 186
75858999 2570
166556154 2180
115389698 6499
108042294 8901
374426323 4373
390693738 7677
1000000000 1
1 1
290607061 38
27461500 6
110563186 8170
507332 4277
236956662 1439
221637828 5795
97315471 5198
92950942 1159
247523945 6842
183293238 6758
168351301 7921
214377316 6199
74145872 68
251264552 1747
53740090 4063
271555794 6070
204456092 2223
215592916 9808
209371819 6879
127314008 673
184502818 1914
179906005 7026
205864420 6996
207827297 5335
79281064 1690
263062670 5545
287552029 9226
260988713 973
103363153 9677
197539604 2635
270446825 8488
88112403 6953
183018599 9373
110922127 2789
13041039 7274
259890901 5385
26204966 858
109994856 53
114348100 1801
39870932 100
2796995 3667
9636867 4787
19790385 8266
38780264 4694
19978982 9003
27323489 277
27490077 6510
28608527 9764
30535731 2018
29447916 4779
31031629 7894
6258427 5509
21813569 6985
15293181 1826
8927973 7486
4616304 2880
32430420 6427
5773427 1955
1257565 4980
2187268 2479
34405477 5956
26403788 6642
31837886 453
14685285 6182
33535446 1307
38679514 547
28481866 372
5730884 9879
26612095 6458
36371007 8001
12251389 350
14721814 4277
26119909 4211
5680340 647
30764486 3081
38854851 482
39387900 6961
32163750 1241
16297165 13
22067801 1832
24118057 606
25805178 5733
6633175 9668
21854386 7639
32687682 6660
473946 543
28672 1732
13789613 7060
7601389 7427
7107202 2223
24786039 4419
34511910 882
37963624 7538
37231371 4278
10526092 4149
883421 9432
31320876 6027
34720251 7354
23361601 8767
15038398 7891
37695495 9279
6200027 3208
904821 9189
31152030 9954
30992144 7190
32247969 2411
7144172 6434
19759656 9887
8071030 7235
24407962 9139
13599393 1026
29292676 6446
26980855 4886
34756390 8632
38522651 6544
7396338 489
31880028 4875
4210322 597
20494320 5319
1181654 8714
8479668 7905
22790957 5187
36726135 737
32574958 9224
7741098 8443
21144626 3184
13670504 3679
39434609 8533
34719333 1545
17731683 6597
18431562 7594
3022669 3180
19367904 4000
38291948 2984
31315040 1136
8765362 4657
37561266 93
25424693 8422
38588217 6461
36903352 8372
88334323 100
11249908 5313
30317960 8250
39203668 9548
43325545 9501
43170233 2524
88072940 9096
32011322 1757
43660189 3477
20714867 5505
27604304 6312
12726723 5417
41883937 4330
3419963 9728
83600324 9508
53245238 4653
46074985 6692
16676759 1710
70450827 22
40702848 6332
50661251 3997
13180468 2319
32251225 547
21402537 2054
30847400 1097
72275434 4322
20527770 3061
38619839 573
55800781 823
59250896 9367
55447945 2222
15395949 9571
26899650 4216
25358157 2773
38860904 932
84371023 734
88102371 6124
47582864 8982
61507889 5260
48254311 748
85885035 309
11996705 1407
35360841 93
27292341 4740
19901253 4966
56278191 8976
62730429 7547
51708808 5279
49992540 1319
60071289 5362
68123709 1302
20254751 4202
79222357 6567
32054578 5874
32657175 2790
82906619 570
55432401 5233
32086683 5800
1155372 6099
65398148 3564
67222339 9527
80677114 5601
6223308 6702
67394866 2853
82589452 6619
38029927 4606
28867892 789
43804587 3583
39803690 5954
4558441 5095
9847 6790
1746043 5294
39474866 2962
33510174 1309
77166289 6185
31854853 3519
36279959 332
51308479 9624
1875759 2109
51735881 5309
20959561 2776
22560258 9286
23500891 98
545793 915
38910661 2640
64912854 9608
6679323 9450
66958752 6004
85970623 7332
39828748 9314
81472785 4431
66557273 2944
69301575 7751
86424226 3739
27634814 8051
80979665 3750
84542203 8696
70154519 6445
53448728 576
11178518 5551
69733537 8885
263321326 18
165479790 2860
41654460 7850
41371125 7197
83657300 8154
97052886 8613
240568134 332
72629422 9317
113957006 536
136813846 862
59771315 8942
44196687 7125
143016861 676
240918914 4920
227820813 8407
173924756 4337
48178158 883
19815211 2932
238732462 8621
329771359 17
113922374 5983
191056175 3320
222261876 1391
315022830 7618
124309624 4299
215672748 4210
128298170 7193
237664740 6795
108596471 8726
326175658 8429
317193142 5016
78780571 9058
3575529 5421
269846887 9504
304356772 6120
308150159 8929
88266148 5508
278842665 40
43704082 6503
66668597 5968
133182420 7836
152179397 8790
34829670 7123
181292656 4881
58219924 6650
32318338 1234
23528147 1861
94291340 2102
250822676 3765
214846967 1283
105467073 5637
91286039 3541
50694292 6861
205070440 6769
39191966 2961
6241951 9848
191143487 2494
4034612 3265
186962044 60
276813392 9136
40153843 8047
159957646 853
117801648 5514
263060708 4273
208701595 6522
31786906 4926
93613709 8147
216027845 2112
159101754 9662
261585163 1800
107437039 2120
198225727 9431
119037285 9923
217886685 4195
209208508 6409
124464377 5656
13239989 7420
205369510 3655
1000000000 1
999999999 1
547941727 41
87984163 3741
512484672 412
134518461 8349
195764525 2835
171498440 5116
325722225 6068
78518732 6984
188352031 775
127072021 4059
484676489 6221
114675047 2271
121130071 4238
29187651 5324
396289243 8948
542831888 5924
18538414 413
335060429 8431
109974500 9305
438479757 7568
153929397 404
285637378 8826
144610886 7501
480525670 3767
545400228 1000
82742926 3676
414829948 1625
206389561 7913
539369015 44
297136303 2011
363116135 2091
51801018 4263
143222330 7032
91090742 923
333573102 3268
453721664 6818
449366374 727
267729774 370
255640009 1721
505847049 2847
220658397 9243
20520484 7381
340286375 58
37751154 7866
77407320 3805
165584769 888
213446330 7242
293728399 6526
192610881 8078
295275003 9279
1881075 7768
70562298 5693
54481831 206
224435889 976
129606236 83
320166514 7518
226110125 3742
294071189 289
221653116 7845
253771250 9397
311873584 7352
108768988 128
198452717 6696
137183535 3926
36734908 3485
100431963 2156
149617666 1969
69614311 1536
123760628 8623
18797460 6625
172541358 4295
257456808 1283
146158901 4015
78790801 3827
326516129 7290
310470851 1015
275845712 1580
272825901 7901
102264836 6982
193069633 1528
22814409 6844
337363455 7019
280125987 5998
213262841 1753
23170743 2261
275744211 1413
106575250 3466
339675000 8604
223713063 2074
146108346 5886
230746914 4019
212366160 2571
14120829 4034
136649759 5898
7427111 5103
208708910 7000
198002110 7902
95939172 9208
260272096 8036
114271531 7362
157584542 2495
198080025 1
15210788 7467
409564330 100
164254573 607
166935138 3093
34148872 5793
65336886 51
168325211 713
30444186 8990
309287682 8907
130788431 3590
302142398 9854
61135512 6955
32531626 1534
26352845 770
185333867 5412
28650736 4493
148298865 6382
5772429 4418
135614523 863
157667027 6979
149895318 9037
231445383 9941
118616125 1183
268969088 5538
103996340 9249
326886078 3252
302115695 1346
106701237 5891
39698605 8096
65835384 5759
383906399 1289
318333604 6843
320164950 6726
26555066 9878
251174286 96
286213981 9475
42144778 3366
314241741 1870
294684602 5705
400274790 7634
393154015 6877
133387965 5257
158225307 7004
44088451 4945
255016274 9
184819614 8061
322924934 8677
79900091 7078
145659432 7127
313140975 4687
54093076 9107
84268035 6662
103058705 5108
11236503 9406
321856909 2121
87097823 7551
319578635 4935
260996489 3719
121795331 1450
53644616 9136
314884037 6731
344690931 3394
251146067 3674
284134191 9125
62464370 9491
334461641 6969
32230310 7413
111158669 9059
101266660 2101
54901648 6838
306421098 4493
209782114 1086
241515958 327
38141779 4673
130143429 899
80503692 9332
201806492 8826
337257446 622
287826175 9148
259961349 9311
264744077 8155
387712379 8971
327022249 5454
81586537 5386
149470225 6375
297505421 6791
176001865 6668
219961268 6747
267660616 130
219851911 9007
168327777 1029
262090845 5087
405419350 2893
75063234 211
171509753 68
180898071 3230
212766150 8607
335237463 7921
400302637 9837
295227089 3905
129674280 5425
104723444 3118
1000000000 100
1 101
37 65
7 95
58 44
15 87
24 78
70 32
77 25
38 64
41 61
93 9
91 11
82 20
6 96
94 8
49 53
95 7
21 81
48 54
45 57
87 15
30 72
75 27
62 40
97 5
85 17
13 89
4 98
14 88
27 75
64 38
65 37
60 42
55 47
25 77
100 2
53 49
72 30
47 55
36 66
63 39
8 94
46 56
5 97
76 26
51 51
40 62
56 46
11 91
78 24
28 74
2 100
3 99
50 52
39 63
92 10
71 31
99 3
10 92
17 85
23 79
73 29
42 60
18 84
32 70
98 4
16 86
44 58
80 22
81 21
88 14
79 23
69 33
34 68
20 82
31 71
33 69
29 73
54 48
83 19
59 43
68 34
19 83
12 90
9 93
26 76
67 35
57 45
66 36
84 18
61 41
89 13
96 6
52 50
43 59
90 12
86 16
74 28
22 80
35 67
200000 1000
7444 6
675 9
5118 8
1110 8
3055 6
4052 6
249 10
2968 5
5983 8
4962 10
2889 3
6785 2
9739 3
8606 5
4792 6
4735 8
6996 2
8408 6
2649 7
8331 3
5780 3
5756 6
7799 10
1934 6
9980 7
7682 10
6616 9
7014 2
5353 8
8561 9
5770 6
5827 3
7138 3
4319 10
3300 7
4781 10
6788 6
2022 6
5482 4
5834 9
8068 5
279 6
1391 4
4123 2
9711 8
9850 2
6306 3
441 7
7184 7
1154 8
9855 5
8283 9
3819 3
5119 4
4341 8
9106 8
8238 9
5442 9
9129 5
826 4
8456 3
5651 7
9707 3
3070 8
1297 2
755 5
2777 8
7407 7
6081 8
3600 7
4334 10
4065 10
1841 10
9127 5
9679 3
3460 9
8333 7
6098 5
6974 5
1665 2
914 2
6248 9
7163 4
5035 5
7142 9
3201 2
6514 2
778 7
77 8
6908 9
5955 2
7534 8
7507 5
3336 4
8481 9
9452 4
9985 1
281 3
1456 2
6482 2
6894 3
3708 9
6817 3
4459 3
9876 8
8218 5
6289 8
3567 4
6603 3
7503 5
8855 3
98 7
9487 2
4012 2
7961 8
3393 6
1374 9
8800 10
9224 5
4218 7
1280 9
5281 7
3581 10
5144 4
7067 7
3833 8
1993 3
2424 8
4344 7
2271 9
1341 3
2176 8
9938 7
1106 5
9804 2
7074 2
9562 4
9024 8
5540 9
8256 5
5414 7
51 9
5042 7
2344 4
6188 8
3749 6
412 10
8483 9
4124 6
4288 7
5433 7
785 4
4402 9
8179 10
3805 4
7938 10
5366 3
1996 2
1711 4
4993 8
8181 8
3013 8
9568 2
8599 10
4600 3
578 5
2787 10
122 4
2454 4
1870 4
8868 6
1166 3
5289 8
7896 5
226 6
8997 4
3539 8
7089 9
3141 3
7338 8
3726 9
187 9
7123 5
1155 3
4931 2
4921 8
7651 5
469 10
4880 10
36 7
5713 9
1562 7
4651 5
7528 7
7958 5
8790 8
7763 10
9138 10
3099 2
6279 4
6829 6
2060 3
3139 6
6110 9
7490 5
6675 5
6823 7
3292 9
6743 9
359 3
6786 2
4264 5
9125 7
1371 7
8661 6
982 6
5224 5
962 4
6321 5
799 2
9602 2
7127 10
7308 6
8913 2
5896 5
2873 7
8518 10
1509 9
409 8
7044 5
2540 4
9856 3
1390 9
6295 8
1707 7
1180 9
2444 10
1692 3
8189 8
2379 3
6516 5
3296 3
5964 5
2629 9
9827 6
9500 4
3417 7
148 5
6405 2
4495 4
2148 5
1906 3
9379 5
8665 2
7325 10
1845 4
8928 9
8203 7
4722 5
562 2
5630 2
3633 4
217 7
9290 5
1880 9
8285 4
113 10
4850 6
5383 7
5674 8
6387 10
5984 7
3311 9
2602 3
7988 3
9245 7
1606 9
7900 7
4107 6
6168 6
9251 4
6091 2
6239 9
7311 8
1017 10
5267 9
6131 3
7845 8
3569 9
4284 6
9792 6
3149 6
8726 4
7964 2
6512 3
6399 10
3288 5
8681 2
7559 5
1250 5
3133 9
7889 3
4414 7
1546 6
2119 2
5288 9
2062 10
6986 6
2237 9
4761 3
3456 6
4941 8
4378 2
2070 3
5016 10
5987 4
2126 3
3447 6
2527 5
9861 9
2198 6
8785 10
9721 8
6862 6
3631 10
5566 10
453 4
1312 10
3373 4
5204 2
2004 9
4381 6
8284 3
5820 8
7750 6
6882 7
2807 10
8744 9
2216 10
7745 6
9862 3
5607 10
1837 9
9836 2
6340 4
173 9
3958 3
1434 6
665 8
2018 4
7487 6
5489 9
4950 2
362 8
2674 2
1617 7
6003 3
395 9
6346 6
6222 2
1372 5
9970 6
1123 10
1208 2
3458 3
8711 5
1186 10
8845 2
1719 5
6961 6
566 10
7699 6
9229 7
5189 4
4609 6
491 3
4499 10
2313 7
9410 6
2195 2
6233 8
6534 5
5898 3
9983 6
6518 3
4444 4
7928 5
2790 7
4818 5
7898 3
3609 8
1698 6
1599 3
9007 4
2127 7
3230 6
1640 8
710 10
7725 3
9743 7
6074 5
3987 2
1010 2
9800 6
213 3
693 3
1351 5
797 9
3498 5
8422 4
7103 2
1346 3
6420 8
7511 6
7501 6
3589 10
5541 6
5292 3
8769 8
5291 10
9750 9
849 8
8779 7
6066 2
8635 10
1172 2
3745 3
5762 10
4858 8
9200 10
1353 6
9244 7
4654 8
791 5
3211 3
6869 2
27 5
1395 6
1613 8
8437 10
2246 2
7451 6
6130 3
666 7
8717 4
5645 10
3035 4
6427 3
5515 5
5218 9
4215 6
1482 7
4095 6
7868 6
4198 5
3616 10
426 6
8079 9
6940 8
1761 7
3579 5
8482 5
5814 4
7712 7
488 2
4233 10
2996 6
2914 8
3625 3
5017 5
4066 3
8780 9
5457 8
2523 3
5614 4
4112 5
7145 2
4554 2
7512 9
487 2
2969 3
6421 5
4976 6
1304 2
5754 6
140 7
7902 6
7285 2
2539 6
7741 2
7292 6
9928 10
7757 5
751 2
6706 7
8395 5
7548 4
5219 9
4973 4
5797 7
1677 8
2047 2
9637 4
2181 2
4935 4
3321 4
294 2
9469 2
4529 4
9490 7
324 4
5236 3
4209 8
9114 5
2346 9
3464 2
8393 10
1924 10
8849 6
8394 5
524 5
8732 5
5957 8
7328 6
1052 4
6473 3
1700 5
8933 6
5417 3
5914 10
448 8
2861 8
6013 2
5635 2
6847 6
8110 8
2740 7
7148 2
2134 7
210 7
3407 9
4602 2
14 3
6007 3
5603 7
705 4
1338 7
9791 10
168 3
1130 7
5220 2
4729 6
3338 4
4217 8
6646 3
3066 6
2536 3
252 3
3526 3
8743 6
2170 7
5282 4
2394 10
5046 5
9640 5
3479 7
8010 3
2696 6
3501 6
6410 2
6589 6
8228 10
8554 9
7312 8
5763 9
2608 2
6322 8
973 10
3729 10
9923 4
6378 2
6356 10
1798 2
6836 8
2208 2
2891 7
4670 7
9825 7
5225 7
3674 2
1666 2
4361 5
2590 5
6413 5
1653 7
4019 6
2854 2
2414 6
2865 9
62 2
7713 5
9474 7
6426 4
9588 4
6310 7
502 4
507 10
1792 9
3779 10
6749 7
4957 2
595 3
8920 9
7252 10
191 7
9121 5
6096 4
5394 4
1634 8
3931 10
1041 2
159 9
2287 8
932 2
1178 8
6958 2
9975 6
7849 10
8137 5
3907 5
6330 10
9677 9
4757 7
3223 6
772 3
5000 2
1211 4
8817 2
8077 2
7840 7
8773 3
5030 3
5179 3
754 5
5063 6
1134 9
7164 10
1861 6
1920 9
7029 5
2306 3
2464 8
9934 2
3222 4
4625 3
5626 9
4221 9
128 9
6085 10
658 9
1259 9
7141 4
8519 5
9766 8
9877 10
4399 2
5305 6
9520 9
3275 3
5250 7
8956 4
7345 3
8559 2
2888 6
2088 6
2217 10
4573 6
459 9
8293 3
6396 10
6753 10
5691 5
66 3
5164 8
6548 7
7505 4
3773 4
3082 7
7999 4
9180 7
7656 6
664 4
3649 4
6982 9
6981 3
1720 9
6608 10
103 3
900 6
6628 7
6502 7
7214 4
1932 10
5623 7
1563 3
1542 4
4064 10
5559 10
5710 4
3983 6
5300 2
6056 2
2046 8
5755 5
1704 6
3010 10
32 4
2604 5
5974 4
8571 10
3636 3
2647 2
7627 4
7736 10
2474 3
1943 3
1646 4
6073 8
2505 9
121 5
8492 4
3436 6
4939 10
3244 10
999 2
6984 7
5301 6
9485 4
6199 9
7704 6
9670 7
4780 3
501 7
8916 10
8177 4
9089 10
6598 5
2382 4
8214 10
3352 6
4758 9
5661 3
2928 5
645 2
9123 10
7894 6
1202 2
6818 10
5278 7
1537 9
9624 8
9364 6
3905 10
7211 10
5588 6
5421 9
7978 6
4153 3
5275 6
9242 9
483 4
2142 8
671 3
6430 10
4714 4
2819 8
4922 7
7664 8
1974 3
9887 5
4839 2
5149 4
924 4
4813 8
8815 4
4865 2
5097 4
9925 7
1941 5
1526 8
4882 8
744 10
7243 2
4010 7
6152 3
7340 6
7525 6
2553 6
3003 10
9184 9
4275 8
114 3
1533 7
4059 4
3771 10
5123 10
2166 4
3719 8
6760 10
8909 5
7502 10
2118 7
5534 8
3866 9
7671 8
3440 2
2184 6
8825 3
9984 8
2713 7
5022 2
3617 2
8551 5
3138 5
7144 6
9110 8
933 7
3045 5
7989 5
3166 10
1667 10
837 5
2679 3
5080 7
8046 8
2492 10
8740 10
3955 7
9228 8
9435 6
9333 8
2450 2
2036 7
6213 7
4524 6
2331 10
161 5
6945 10
7546 10
5961 9
4942 4
1693 7
2113 7
8318 3
669 5
1440 9
9342 7
6358 4
8953 2
1444 4
2954 7
9714 7
2342 10
2525 5
7760 6
4970 4
5686 4
456 2
7472 10
6572 3
2458 2
201 9
3658 9
1626 8
241 8
6209 4
9371 9
4068 2
4108 9
2169 6
4192 6
5435 10
3195 7
2986 7
898 8
3029 2
1007 8
8707 9
5573 10
2428 3
1053 7
6026 2
9310 10
6020 3
4693 6
4290 3
7520 8
472 9
6708 9
4623 8
917 2
541 4
4501 5
396 10
7247 6
89 2
2064 7
4645 8
8413 5
3157 8
9071 3
2002 9
2955 7
1287 6
1952 4
7929 2
5795 4
888 8
2913 4
2648 4
8808 5
2256 2
6682 9
6276 5
6121 2
3398 6
7032 2
8025 8
6659 3
1755 5
4118 10
638 4
3452 9
9239 8
7293 7
8324 9
725 4
4483 9
9582 10
3151 9
6800 6
7477 6
6398 10
8579 10
3224 7
2398 6
5402 2
500 3
6808 5
160 5
5223 6
610 6
5892 2
8814 9
4400 8
4831 9
732 5
2291 8
9822 8
8934 3
7401 5
7226 4
2805 3
937 7
9119 9
9241 3
7467 8
8029 2
3643 4
5386 9
5672 9
9849 3
6921 10
384 9
5271 10
1365 9
4179 10
944 8
2433 4
4943 6
1336 8
2451 2
3595 9
3770 2
8045 10
4853 10
9355 8
7423 6
1141 2
1786 5
9115 3
5154 4
6602 10
8912 10
6769 4
6541 8
4928 5
6329 8
5026 7
958 9
25834021 13
15874642 4775
10238667 6134
21761296 2325
24654762 8393
14753942 5684
7940320 458
16629123 7618
24302946 7252
12781461 7954
25592631 9726
11621747 1478
22174089 8246
9423128 4775
169093888 30
166853121 9659
30817237 705
25995692 4762
128499482 3115
59103686 2679
161819019 3149
36252083 6375
94912340 6978
92534256 4538
2173052 2410
156456048 9739
32112820 4430
126325951 4537
56479427 7456
11253330 3183
161480421 5238
162132628 7524
103016287 353
54422766 1254
19714060 2839
166917321 325
70409797 7601
53348570 1560
103313739 8324
80220727 301
146187502 4360
78177664 7129
99523123 6358
13671659 4964
85299249 8148
200000 100
3121 9
3903 5
1070 2
8669 5
2839 6
8528 5
2719 4
6747 7
6594 6
536 7
571 2
5035 7
2323 9
5324 4
6917 8
9283 8
7404 4
6362 2
4974 9
4459 3
8873 10
7246 10
359 9
299 3
1519 6
6053 6
1107 9
6397 8
800 6
5123 9
7178 3
6087 10
8750 4
5190 8
5885 10
5868 2
808 10
7394 10
8506 10
9987 1
1 2
5551 7
6768 5
6430 7
2235 8
673 10
5818 9
8129 8
8160 9
6152 3
5945 6
7881 5
5439 10
2018 7
4081 5
6897 8
53 7
7856 6
478 10
7056 7
7519 9
8772 5
3607 2
1357 5
869 5
4051 3
343 5
5508 2
9481 5
7051 5
2133 9
201 3
7490 5
4951 5
3260 6
7153 10
1645 4
4889 6
5000 9
9986 8
6933 6
393 2
5582 2
729 7
138 3
1879 3
561 2
3384 7
5303 3
4363 7
8300 10
1978 2
5641 8
2377 4
8899 6
5504 3
2982 5
4998 8
5905 2
2077 2
1000000000 1
1 10000
615664599 60
363373081 8795
136458893 8585
582823125 3469
464268934 3703
509088843 7425
452383765 495
508377036 8789
141762827 7343
108363568 9411
473512701 5619
594214406 7192
352148418 3050
159490005 4756
328984338 8328
505389347 3633
568272536 3619
607646900 7122
565360490 1983
587897402 5900
508585755 7393
325786033 3407
266018527 5165
203948912 9486
98901175 3124
54594873 8341
526595618 4754
606411073 2911
18766539 9494
565858212 5972
490846276 8538
51811726 7075
419724670 2153
588911928 101
409893197 7343
551900643 6413
187316403 708
584416660 3930
275977711 9173
96272630 8715
197416775 7564
100215832 8165
458169661 6428
599953970 7957
369162974 4029
169209647 6352
56119531 747
238788059 5341
92332714 6852
591630851 7655
518520675 9681
382456261 8234
42051754 1239
187155814 9181
513865714 1695
536584665 7713
584845075 8631
393106117 2750
551107003 5700
448226123 4995
432034966 8553
229614619 53
46421862 4713
215536839 4561
50516399 2898
54809016 185
135375958 289
3217255 5551
142666500 1191
48381374 7566
162315084 1972
90955789 3253
50071982 1491
110716442 3421
129421359 6099
191383775 5140
155376299 376
186438371 3201
70447184 8409
227139534 5385
4992092 2044
222817078 7878
165930022 1511
198286844 4802
121710379 3894
210104338 9058
25835915 6890
140947079 1316
132846050 39
224752770 8586
164902177 1310
27608602 3515
175293809 1131
182547006 6309
151482899 1420
29341779 4191
3178677 9060
153453258 6526
4974994 2543
141299827 3049
19055190 8747
214560585 9931
145239107 7766
176597675 2130
142810256 1563
192417074 7285
47721798 8641
115609399 6893
12922459 6262
42323805 4203
228149549 6712
35653696 1177
58935916 4358
215453395 5647
217551112 5960
153755515 68
89158248 385
10672547 1484
83651935 2267
123643865 4139
69966767 7919
60498490 2777
147252133 3228
7094088 1501
113239000 9871
116783010 4663
42135011 1553
85532887 2776
15075452 9668
20984811 7059
97827338 7963
14155445 2200
111631438 550
110793388 2294
127967466 8038
11387773 7341
150022318 7219
138388563 7040
78208018 4789
123460007 3986
117886228 3915
134688953 8222
33759341 9583
118594862 4370
105782806 9247
142883229 6292
59982934 9355
137657349 2161
45733813 2238
95671607 9157
145549427 7149
45067008 6192
69579171 7242
81283243 3687
146334295 7018
40093547 2750
132655567 4401
138295462 9632
82428472 4586
39139665 6287
149072082 4011
91532775 2972
15153777 2308
25771790 2753
98941273 641
83479799 2861
80309515 786
47654597 1971
32569876 1728
85411214 3510
13411149 3912
56246357 9670
87141961 346
22000272 1074
19497480 4403
130571657 7644
45412579 2516
88553210 2171
85167742 451
43681662 81
4867552 5363
134498437 897
76250850 6740
13613181 6979
494412544 29
123835476 4328
31635660 7391
290757752 6793
328050558 2799
160698079 375
75079779 8152
275925429 4805
490154889 2005
165511050 5328
401158834 9748
167152700 8123
115323172 5272
278579806 3821
313083353 5721
148159683 3806
347465509 7711
183323736 77
63816456 4890
478848160 1539
109523004 9482
455739594 6649
181787378 3760
105013876 5979
24953139 4306
230441022 5668
369865745 811
151023312 2309
8030082 6618
12609196 2627
520594491 36
444146613 1884
99958010 4821
107844657 4108
346165309 3399
466553450 1348
484715299 4669
183949998 8780
506433432 1091
12394017 5826
101277403 394
204833747 9996
201796755 4674
36991404 4727
290953937 254
40533730 724
289860932 9989
232359967 9214
163479609 3525
374713992 4819
124155550 2004
350110919 1473
151575692 2428
395314686 4559
408598532 653
466774252 2622
263694983 7386
467134875 3574
173581780 592
238883908 8832
323656382 8725
381913271 2276
408965956 177
461698763 213
419834249 6578
90452056 1458
219397016 5322
1000000000 1
999999999 10000
730071087 5
154175373 5899
320937901 9538
499022667 7565
54277901 6697
38098557 6429
270913741 17
17327870 6989
37900267 1564
164305630 238
269377833 6331
45579213 7068
214280334 9793
64249117 2610
177792310 863
189796968 1537
117777939 9395
270294946 1281
142961245 6493
249810334 5034
97118078 2824
91938128 1333
171197663 1335
169521668 4305
1000000000 100
4300 10000
5100 10000
3600 555
3400 588
1900 10000
1300 10000
2700 10000
9100 10000
8900 10000
3300 10000
9500 10000
2500 10000
9000 222
2900 10000
7300 10000
6500 10000
9600 208
8600 232
10000 200
4500 10000
6100 10000
400 5000
4100 10000
2400 833
3100 10000
5300 10000
4800 416
9800 204
200 10000
2600 769
6000 333
800 2500
2200 909
7600 263
1700 10000
4600 434
3500 10000
9400 212
9900 10000
4900 10000
5400 370
3900 10000
1100 10000
5700 10000
5800 344
8100 10000
7400 270
5000 400
5900 10000
6900 10000
7100 10000
900 10000
1200 1666
7700 10000
300 10000
4200 476
8400 238
6300 10000
9700 10000
5500 10000
9200 217
700 10000
1600 1250
1500 10000
8000 250
1400 1428
6200 322
8200 243
7800 256
8500 10000
8700 10000
2000 1000
2300 10000
3800 526
6400 312
4400 454
6700 10000
600 3333
5600 357
8800 227
1800 1111
2100 10000
4700 10000
8300 10000
100 10000
3000 666
7500 10000
7000 285
6600 303
3700 10000
7900 10000
1000 2000
6800 294
9300 10000
2800 714
500 10000
4000 500
7200 277
3200 625
5200 384
23535925 1000
8099707 1486
3966412 6196
2161935 5056
7586704 8772
10625522 661
12690634 9369
15350683 2199
21567398 1953
17637188 6607
16934809 9511
1363795 679
4675698 829
11624024 9078
4141634 4943
18108786 4094
11929314 9695
22229802 6194
10344048 4393
17114760 3891
1607123 7879
12005701 464
17032766 6725
17492299 3023
17445755 4875
7562845 5578
16981469 3569
16147350 5022
18137140 4107
7808574 3849
22460107 3966
18445242 7743
13216124 6712
2656971 2136
12172896 656
322912 1555
18138129 480
3038588 5138
16796555 7247
3529652 9348
20566875 3480
18134764 2319
15314574 1828
16493152 7086
10781024 4407
4504773 6503
12995599 7625
2952405 4983
9712110 7507
1874165 5529
22061015 4176
19279173 1251
20602727 1898
2503655 8426
11167505 529
6542097 8314
1601822 4923
18832630 4825
10029895 2027
12897334 3139
11193219 6542
2653508 5202
10365012 6285
14633969 575
3717312 1846
10019029 1069
1165237 2771
8812560 7199
3317148 9478
16016703 7196
2006841 4139
10947435 1461
18273339 3067
4503975 9090
5292946 9696
18354246 2305
13087495 6216
10443890 7875
8552549 9801
6199179 142
3858612 2054
21781281 6480
18683285 7504
10694534 3828
11036831 5022
22535974 4766
20559612 6301
13223428 1868
9506826 8067
14702483 4860
12543781 5392
22368923 4381
11439890 2509
19728255 319
4560455 8320
5378662 8199
6955640 216
2256065 2587
10383915 4498
20995246 6675
4965987 7107
8335893 1488
21845747 2065
15951120 2887
13282316 5118
22957771 8359
14202835 7882
17021031 4781
1648618 1185
3885771 5725
11655149 4584
4783317 7835
4074128 2216
6061877 196
15400006 3809
4453138 5377
8354431 6327
14283167 2697
1873434 4994
15742925 2702
10673161 680
4067457 5943
13088386 1467
16415211 3764
2407516 9500
11791628 5287
7125707 986
21199802 8769
6050565 2405
14296907 4396
22699836 4943
2769519 375
17338902 1012
15172240 9890
9224393 1731
23163082 8382
2417693 759
19232673 653
3568671 2880
8472515 4671
16625122 5514
6484498 8136
14020133 7701
3721953 4522
22597243 1758
9402257 3971
9272648 3405
12619365 8204
22346615 8430
191490 4198
19636322 9046
2128143 9908
12940922 4785
10023934 9303
11465942 5296
8830683 9708
11229378 2672
22879532 8361
22440215 5306
11980429 404
12021684 9421
20724884 9870
2341574 9164
20767346 7976
2451494 902
22697657 2643
768397 6731
3820819 9259
11991573 7216
1097399 3449
11789053 4017
5858772 6438
10103682 7085
2805970 746
7379824 9753
13987782 1974
11225636 3266
18355592 6749
17628951 5531
12387722 5373
13076815 9157
12324208 7727
15605203 521
6697346 2130
9442572 6380
8443043 4746
5650463 6074
1985069 4573
13104716 327
3487408 9740
9504268 9486
7471063 5349
6801444 7455
11080284 5775
13780969 4262
7909805 1884
1548842 2404
10647698 3701
16290378 5572
10538348 7123
13617580 1031
703437 6054
2214063 7185
491597 9593
14536559 4798
22016639 442
2050204 4155
1679845 9660
11444104 535
20638039 6778
8063551 2021
11046082 5941
10721820 6186
22399462 5968
10351039 2148
7114476 4257
23326905 3856
20401414 1410
20607568 9391
20688799 5739
22695979 816
16545681 8033
15490805 2347
6331465 7823
1827915 863
16423141 335
9483368 5374
7522253 563
15136655 8189
21898048 2820
17150230 9192
8515511 3894
18840722 253
15674980 8546
11782576 9196
10022927 79
8807478 6385
6875554 8246
22064435 5079
1707955 1233
5401792 4992
8183274 8153
16684248 7886
7229046 449
269182 4012
5581074 875
20533202 8170
5457866 1782
19603464 3089
6236983 4537
15422749 8757
11177817 1879
6153264 9426
21893766 5261
6081348 7949
21208794 5125
1551993 7183
15086815 5570
20229142 3295
7965121 3380
5713609 9615
8360883 2646
12072007 7553
3023934 3830
5049250 5054
6501450 5805
22762714 2025
16640690 4800
16612579 9579
13188200 8107
21397741 1236
456432 5087
3973956 860
673807 7848
8677082 4945
8177274 2461
23448250 8701
15596796 4604
7706776 9444
17584354 3594
1566246 7063
22183869 8088
17585534 3169
16229705 5875
11884627 8702
11616645 4616
491250 1212
22001009 3060
21727679 9107
1448027 7170
22849615 7492
2546801 6898
20435234 6895
16207928 3900
2662863 6363
16000009 9751
18254243 6770
18440262 3149
9557568 6682
9809497 1424
19517758 7361
868188 9587
13976864 1629
18957243 7168
9965111 528
10554868 9745
7589165 6904
4103590 6724
16405267 5633
7683182 3892
19224953 1106
6737316 8140
8372043 971
15389326 2635
20355244 3380
4680663 8781
5244546 8604
18720937 3126
7845225 9657
18623413 4584
13068982 3436
17844463 5393
15238454 5949
7365768 2545
14402630 9415
6145475 3109
21560263 6230
14338933 2625
20279048 2552
16480317 2364
17130371 5375
16686838 4331
12334598 4640
20086390 7958
22952673 5317
14426097 4211
10698941 5634
22892099 8503
21471134 446
15003173 6387
12819400 4609
4667419 6445
19053615 1828
19966628 5928
10712641 7057
4391731 6755
22152205 5905
15207804 2741
10209752 9229
17941254 25
22238859 2500
23223612 6262
9451963 9367
19911248 7122
19126633 5173
15673582 7556
13501667 1447
12294832 5643
17585484 169
6762303 5383
14226593 4756
11420092 6896
6656343 1929
15097889 8880
2019419 1354
4023222 3862
2596512 2098
1133676 6053
16939552 859
4191869 8282
16540111 1154
20617362 5360
10051573 1418
12125442 4882
8570645 3700
3240634 2478
22587156 2139
20291180 4469
20111470 6268
17040876 4587
3463293 8058
18475187 6725
21427643 5659
18335448 85
12587154 4258
13840955 5254
8096695 4782
23271027 3093
19736233 4846
3080174 722
17481364 2380
3205475 9382
1990420 9081
5161784 6791
14873396 7812
7064532 8036
7591648 9026
9979033 2391
2905964 9238
7324148 1157
2912647 3833
4651000 6187
20640544 3656
5574051 4498
20925160 619
11787594 3052
3829658 9958
1371792 8665
21079726 2413
15404789 5850
14325231 2733
12535529 3682
713941 7930
7876576 5766
17840017 5810
6529926 9438
1785708 6687
4085095 9639
12008842 3803
12486522 8293
8064858 4784
4569672 2101
22383800 3651
11117988 3971
6550875 7734
22601030 2104
20571524 9546
5179266 9710
6435398 2210
9670834 5349
8724212 9665
21761056 4135
2137254 2917
13114882 6264
20897256 5055
22330356 8458
19137251 2769
14372350 6750
2514225 2564
4336191 8586
3408734 8069
9185171 7709
11140100 4055
9610045 6489
20930500 5319
616075 1294
5529911 3358
20653518 6183
322529 3727
2191916 6309
2005588 9494
17306727 5755
528578 3431
7599612 6702
21097918 7582
4294181 6643
21497711 8680
18945577 4541
8204588 8521
20961240 9498
8788837 6655
15493105 3833
17526326 1471
6795267 3874
620210 8596
17786393 8309
12363418 3482
492911 6106
18715051 9915
3301221 1256
7613240 5933
8534552 5008
7750837 5813
20535463 2862
21840506 4196
12335383 9718
12130929 409
6749856 9884
10939794 9706
18369491 257
19549634 4926
11021442 3082
1644650 8605
18993445 6583
22628436 5892
12175284 5448
4867572 7771
158924 3426
5697347 7065
1807276 6208
6873920 6107
10802682 8499
6674013 9004
7371636 6048
2506950 1955
9322727 8309
1122144 8715
8540914 8167
23176109 6500
18013327 2894
16259966 8048
13286595 3074
1613567 3869
21915876 328
10907553 1402
12359570 9581
3476377 5215
2494733 1956
11054770 8668
3195394 5095
21748515 5521
11946599 4994
757386 6701
8787357 1392
21217307 1947
5153265 6702
6784781 7111
20442067 4658
1608621 3644
2022363 2127
15340098 1490
22231834 4916
12995654 1469
13635775 6524
2472523 9153
23348849 1100
20772758 9234
13154903 9497
18376737 3740
22344737 4623
21614315 7564
20182990 7506
14881877 5842
21322344 4131
9329225 9835
19472189 9510
3346412 276
624001 2182
16799898 9753
1004680 9622
8962551 5308
11218738 5488
4467427 1063
18624554 3940
12048779 5877
15957066 2838
6414080 3894
6645927 871
12723928 6276
10567197 386
6805845 4774
6659542 9943
4535814 8112
4333886 2392
12197236 6153
12142429 7422
5440792 7295
3064888 5861
20329888 631
15464215 5795
19990254 7053
8919442 1377
20442890 7874
4849163 6042
13976431 343
1877456 5684
17011784 979
15849617 7903
9287232 421
14033900 6782
6961783 7442
22715040 4117
14920538 6981
9743551 7271
1587270 2445
2677281 782
8147067 7194
23404137 9561
10838089 2885
19194871 5424
3357900 6233
13451775 1593
15680863 7800
1410588 1405
1014527 642
19133722 4659
7571658 6286
21530042 1636
3020683 4739
6405661 9880
17572850 3480
18063371 7901
22754326 2528
17429023 3753
880 6711
11184736 347
13845771 1391
15059895 4524
22029016 4803
72011 2121
12316689 5902
20119349 7833
5560175 3115
18124333 8881
9619119 6947
7920705 8274
14231214 8443
14525881 2706
1367917 3399
5269011 2714
18801784 7827
17800170 1364
19490454 2014
10544367 5392
8444972 7150
18661648 8272
4223650 8614
23086426 1654
18548706 2041
17673999 2742
10442535 2487
12643670 3973
15560926 8985
13065679 8275
11023124 1994
804166 32
17717380 328
23110557 6299
13625773 1293
9904228 6203
21073486 5232
19273404 5303
10774124 5612
9763529 1610
19140053 4366
22016692 876
1864523 116
14981315 4951
7590720 7791
13742373 8358
5126872 7438
5292533 669
6475710 1085
9274470 1753
22082758 1661
14203688 4695
18068507 6286
3053814 5793
20775565 2724
736238 5334
17107564 869
2557287 2143
9162807 9645
1207516 6212
8445712 6444
623597 6204
1891171 2636
1522579 5617
23491346 3398
16718665 8630
6559897 3808
21453110 980
22869583 2192
9765792 1826
2407274 9319
21404488 1822
9511177 4877
7337744 3853
9212459 1487
12180718 4964
22300304 9398
93184 5712
10560079 7528
1272278 2041
409125 5038
19297043 7750
21257280 8730
15346192 1526
5729666 1654
13774559 4669
11911996 2619
18942421 8773
15215137 1979
10588493 6303
8785406 7733
18285216 6261
538376 679
6270738 3463
23388407 8110
23274072 35
14733791 7519
6204189 5772
12891229 6907
15468737 1938
8391141 5083
6634190 1634
22313936 1665
1160769 470
14915394 8830
16840233 9570
1439797 6021
9603613 1364
15887971 6817
5733021 553
4130445 3157
10539426 8795
8394528 531
19841754 2540
14569210 2081
3239946 5598
22331394 5051
22771176 9528
9504077 979
7544129 8225
4626040 1938
16050721 4157
13863453 5605
11542005 5017
3708551 2555
16042502 7993
4965441 2434
12540104 8885
9003441 5708
4698574 6735
22550169 5707
15436893 1376
22932819 9502
20745661 2760
20605261 1953
17559470 6590
16999429 2900
6081904 6321
10119932 9165
9585570 8647
16921344 3220
21794398 1908
11040334 1202
22040801 8787
23103355 4171
12017894 2689
3058087 9024
19978720 5349
8720583 3138
22288079 8998
4898634 9722
578195 7795
13947299 5510
315368 4170
22726682 3235
4468310 7338
1596585 2874
19679843 572
18261276 3593
6168294 6283
13803398 913
6696414 2557
19360428 1515
18302462 9451
12770095 4481
3686070 753
12882660 3379
4948492 126
2955531 6472
16245685 2136
14846537 8245
20596303 6844
14451490 2652
9675925 3769
1890826 7047
16567760 9604
7970491 2942
20405021 7578
15556806 9537
23131789 1670
2630408 232
15550990 3605
5767699 7063
5258262 6448
3550193 6786
23515877 1484
14194418 4700
10503223 3310
13268463 135
12105944 5041
20375766 7256
5543041 8884
14486287 9635
22992714 4084
21804532 3441
15397722 6309
13421859 5745
22776411 6305
12348370 502
16669273 3698
15926948 1483
3848409 832
3947808 1412
7997736 6447
3216523 1419
4518185 547
5603110 8770
19141273 4051
22979674 4621
3115281 1783
18405799 7616
12166866 3967
18610393 8080
7313673 525
14357228 5048
14888985 8430
1604292 6327
8107153 3641
23451112 8342
10648897 1021
1426061 437
17175649 3325
915152 5826
19076733 3646
20816833 8526
21355474 3756
15936680 2707
18604621 7492
18262656 6283
12935565 1546
17163120 5497
22120396 4615
3643483 3616
19519873 5932
20361400 6870
3184137 8544
14837946 3198
8278761 5263
4499396 5879
12108479 497
764870 1706
11452866 8042
4519485 8486
6131129 7497
22068267 301
3554498 7746
14527067 823
8596241 8995
9549856 4102
16927904 3181
7689951 5678
15867874 8397
3501514 5945
2540102 2779
19584865 9561
19852684 538
8788828 9617
3676318 8375
12063827 8470
21517122 6018
2346410 9324
17198201 4261
14126041 4865
17001263 7024
20392620 1155
23431540 9398
3917697 6288
4613498 9036
6705031 7498
10105739 4072
17523118 7598
21108323 9189
7063329 9991
11118881 3286
10952521 8673
19431584 6808
9002407 7934
21914038 9634
3367976 1512
22524450 6612
17239344 8414
18506783 5337
11841399 3063
15502037 9377
18763053 8097
21906548 3148
4155332 7004
3787919 2714
22489564 6892
15218500 6064
14053062 8974
16584391 9302
12807717 8328
6406772 1329
22773830 895
15253064 4998
4157493 2145
15420527 4144
2362527 3896
19828384 1418
14720074 2233
15370717 3940
12223000 3496
11925400 6633
16659197 1088
22785767 5657
14687429 2125
22207315 4500
1517975 1192
3798199 6619
18878073 1068
18482516 5909
17193219 7493
15233879 4410
21020775 7215
4511261 1773
12561827 8648
19280239 5393
18342172 1896
1888601 3484
12656329 1431
7282935 8988
14643653 9926
17636287 2590
17240605 3842
19583603 8779
22379548 9798
10697943 9004
2427172 2685
20958303 1338
1189700 2584
150401 2800
22797514 5259
10477869 5723
16102606 8309
3196874 9105
16094394 5109
3390981 5997
1628270 8044
10129142 7020
13204994 3332
639530 1284
12355134 453
11469060 7867
10645126 231
10412923 8724
15465402 8435
5452591 8891
16050856 1146
17559132 1643
5654367 7826
22159919 4492
4236145 5518
3907062 4407
14219852 9457
2171640 5966
12207545 5106
13383568 7113
3020220 5515
22841542 1338
252493 1934
42252 21
18281263 4320
5348553 202
4843715 9672
17069349 8443
22122119 8035
21911350 8518
23044115 5641
8056752 5499
7150423 5569
23187538 2670
13270800 2497
259327 3590
5150817 9966
18890939 9131
8471279 5459
13631919 7439
16916246 9559
5987306 6885
765812 7099
10553211 7026
14374508 2407
11019076 4570
3486980 9483
10317440 3427
7204872 6550
16664784 9695
12813543 378
19348990 9303
3688795 5090
8295544 143
14055002 288
20133876 1039
1423451 4756
16913628 4027
9698493 4327
4140580 2475
20323131 357
2140174 4555
5902428 9595
13517644 2355
21466128 565
9980280 9839
6166277 8003
16871026 231
1900294 6617
199998355 68
148609236 6088
58789471 8823
36819825 7822
97972939 3037
191894680 3224
155440967 1377
174198751 3263
10408369 2419
85669804 9263
23114092 2544
52321426 9822
119246844 2431
82658511 4446
173047330 6686
119627387 4790
155494289 3108
18970750 2774
168880444 9525
87132756 1607
193155060 9782
41264613 1092
25316913 6238
71276524 9043
189004441 5844
154049573 6086
47519231 4303
186724398 7783
104963878 5743
126236125 5331
168458431 6634
103256290 6765
42907884 2169
144959312 6924
172074237 5550
143712172 662
109836702 2332
43816373 6371
82881063 1789
11299095 3188
162758102 7217
165120668 1799
22856654 2324
39296346 8256
80949220 1380
59254382 1779
191886579 7221
132595491 1672
48634310 8893
88457115 9918
144736407 597
181537091 6013
150793735 8575
23222736 9661
175669096 7014
31068734 1577
51898788 339
147603770 8092
105769523 4217
117052630 8204
137356949 1958
31694712 8323
14918552 3604
197031916 2509
134340311 2914
80133315 1615
198768200 6506
166540525 371
80522755 9490
200000 100
1320 2
1068 8
7206 6
4193 8
5926 7
124 7
2206 10
1195 10
7615 6
9632 10
7819 4
1783 2
9368 4
6252 5
5226 3
3109 5
5000 10
1735 5
7402 6
7856 9
2841 3
2769 7
925 5
6030 6
2719 9
9861 1
8146 2
3665 6
5259 8
1761 10
8228 6
1623 2
3097 6
7661 6
8618 4
316 4
8468 9
6025 8
4759 8
2818 6
5348 2
4487 2
5257 4
5514 2
5608 6
4330 10
6032 2
8432 5
725 8
6637 4
5911 7
3380 3
8526 4
1818 4
3642 6
7132 4
1574 7
4353 3
9129 10
3960 6
3719 2
4711 7
9799 8
362 8
3630 5
4135 8
9259 7
9295 9
9860 10
8135 8
2688 8
4251 3
5718 10
5481 3
8523 5
1580 10
2742 7
8892 5
9286 9
857 5
2858 9
4768 7
1339 6
1215 9
6632 10
9554 8
1391 4
8042 6
4520 7
7813 7
5516 10
6881 2
4295 6
4165 9
6554 2
345 6
8805 5
5841 6
4847 5
5270 5
260316772 38
253683241 4982
198061364 5725
97205004 6067
191539965 6286
61871429 7473
213065440 5557
32778691 3547
225861043 257
15540790 267
4100159 2024
28282379 6893
204626571 1553
162031572 6142
34870301 5701
198416071 9387
16455100 6725
103516292 8082
109204108 1053
242059497 1871
153590335 2191
197074034 6989
174922675 8067
95196475 824
21800549 4517
158387686 3016
214087582 9022
181885506 1302
248154594 9937
137323430 8694
30087662 3927
71658706 8737
91185441 1855
221437527 7715
71798499 7172
122129239 5450
246801704 8928
98069855 4246
218943774 1092
2 1
1 10000
789338246 12
629768219 3394
426717499 2497
195084529 9008
434997903 709
555247398 5567
278685322 1981
647298058 8727
596677396 5880
38191773 8571
740084950 6233
600718566 6922
176984656 8640
200000 100
7091 7
8545 3
10000 1
7114 4
9767 7
941 8
8938 8
8613 8
4811 10
6364 8
6294 10
5000 3
3584 10
1026 10
1667 6
780 10
770 4
109 8
4189 5
6612 3
8835 3
6135 9
3472 4
8732 9
8134 6
5270 9
4549 8
9323 5
6973 7
1224 6
3816 8
9999 9
8904 2
9750 7
4613 10
7072 7
9309 8
6642 6
4087 4
4142 6
1120 2
2095 7
9481 10
6549 5
9085 8
1994 4
1282 9
9700 6
7832 8
4538 2
6026 3
2310 4
9253 9
6974 2
3634 9
6431 9
6982 2
4268 6
4490 10
209 3
3103 4
8795 7
3693 8
5769 7
7066 6
3256 6
6203 4
7784 2
8647 4
8477 6
1178 2
6389 7
6383 2
496 2
5258 10
7970 2
1202 4
6666 8
4856 3
9788 2
7532 2
2781 2
2254 6
9695 3
966 2
7388 10
5803 2
6907 5
7999 7
387 9
9984 4
5973 3
5779 9
9627 4
7492 5
5369 4
2091 7
9255 2
8718 6
3806 9
251517096 52
67807736 7630
91014771 1999
65713244 7153
71988842 1664
203586684 9166
19300911 9447
55078427 9237
199168521 8684
165520148 5870
144347226 9115
39544281 3719
229043213 1932
175253346 9486
10553153 7794
207326490 6211
250365052 599
177757357 4574
180004809 4033
67840489 816
11010989 678
65548518 23
181777638 9662
30786924 7068
84762410 3780
193474429 9011
41117290 1990
28184294 2853
189837634 2760
29572059 1209
231554436 3046
185001956 6883
22709837 1200
109246327 220
231909204 7424
47929004 98
200378681 291
33486187 7012
179579352 2233
207970299 1004
113193300 3284
237921269 7824
137084697 8309
171118360 6378
129938806 5072
201027214 412
132633930 1802
32814236 6454
59737056 6675
135655913 7773
148406741 1194
199053974 684
16672225 6499
618926053 3
369285580 3966
441766645 8315
553951435 3735
343507875 1
16500975 6898
249872325 42
159652836 330
141524207 6971
56855834 2815
209932511 3707
180549202 1634
70873265 4245
8948307 6272
179984059 7504
243595401 6244
34332848 6908
86246669 5118
208893724 9906
214304898 888
185118145 3888
178808044 3314
154009194 7528
73055677 1072
195934024 9405
114622786 6862
63275758 4932
175315737 9268
206711809 9536
20666631 6200
236860191 6753
117337588 2738
26434470 7454
152001220 9457
239003802 4161
2452721 9517
151529604 1438
182905186 9991
82282516 9481
58377922 8367
67639795 9465
150146189 5411
175067995 2241
49869153 2917
133112775 2031
230611317 9247
103739099 6152
186051243 4498
70910407 3811
1000000000 100
998000000 1
999000000 1
939000000 1
935000000 1
963000000 1
905000000 1
990000000 1
918000000 1
934000000 1
960000000 1
936000000 1
964000000 1
967000000 1
992000000 1
979000000 1
969000000 1
995000000 1
978000000 1
962000000 1
971000000 1
949000000 1
900000000 1
942000000 1
904000000 1
965000000 1
947000000 1
970000000 1
997000000 1
931000000 1
985000000 1
983000000 1
981000000 1
920000000 1
987000000 1
913000000 1
908000000 1
958000000 1
937000000 1
968000000 1
914000000 1
984000000 1
902000000 1
989000000 1
927000000 1
976000000 1
932000000 1
940000000 1
982000000 1
938000000 1
916000000 1
991000000 1
943000000 1
915000000 1
910000000 1
994000000 1
948000000 1
954000000 1
957000000 1
903000000 1
923000000 1
933000000 1
909000000 1
986000000 1
944000000 1
980000000 1
993000000 1
973000000 1
906000000 1
924000000 1
928000000 1
919000000 1
952000000 1
988000000 1
977000000 1
901000000 1
946000000 1
941000000 1
921000000 1
917000000 1
929000000 1
930000000 1
945000000 1
922000000 1
950000000 1
911000000 1
925000000 1
912000000 1
907000000 1
996000000 1
953000000 1
955000000 1
966000000 1
951000000 1
961000000 1
959000000 1
956000000 1
975000000 1
972000000 1
926000000 1
974000000 1
571420575 71
141391279 7068
536864933 1961
334408983 2430
137200760 4561
476311378 4901
427598890 7587
27846292 7200
196060749 2338
401608916 2216
523895551 3235
416008297 1127
131766873 4965
450691911 8640
367193116 2209
222441234 8630
106288273 1048
505796269 1923
335520432 8538
253159013 5269
28219854 238
326057386 6133
566739302 5816
294745345 9368
9697504 4665
428082644 4691
464924286 2039
512079674 1218
179504355 9503
519000351 8934
131782179 2122
390415578 79
546609550 6204
52626794 4264
509632022 5549
551391508 697
77591668 5294
353391856 8124
242227980 7682
183434626 8769
362702664 4712
503070588 5754
55808601 6039
448488150 4869
330322247 8657
537172944 1766
321504708 3103
96290755 8227
106656122 7362
512771226 1982
129542039 1027
545297430 8218
16265191 8533
406272730 4983
211173405 9580
325775579 1834
552041359 1059
529573601 6347
168422866 5668
356729904 5279
474400848 3491
146654008 6787
51613508 6611
541388274 4945
313617691 562
59178264 4107
342024915 8839
369382396 3825
479528747 7707
451945616 8249
432795059 3334
143190293 8416
200000 100
1914 9
7766 10
3672 9
2459 7
6608 2
9117 8
5907 2
7756 7
924 4
2865 3
5723 2
5650 9
732 8
5060 5
319 2
411 2
2200 8
7000 6
2286 6
1293 8
1900 3
1122 4
3302 7
8459 7
8309 9
9035 8
7720 2
1704 10
9331 5
8923 9
9211 10
9363 4
8270 9
9826 1
9762 4
6166 6
6894 10
9825 8
2840 9
3161 6
2782 7
7733 7
6006 2
6369 3
840 8
8617 3
923 3
3801 7
7511 6
6096 10
1806 9
5662 2
9696 8
1116 3
2772 2
2435 2
5773 5
5685 6
2644 2
5863 6
509 7
5051 3
5476 2
5845 3
9697 5
2477 5
71 3
2196 2
2910 2
7653 8
4743 2
8389 9
9092 2
3543 8
9328 10
3765 7
6830 4
3385 4
4596 5
3922 2
8293 8
2503 6
1947 2
8456 9
2513 6
1848 5
6315 4
2844 7
8640 3
6044 7
7716 4
6069 9
7949 8
5432 10
6167 2
8164 8
8085 4
5877 6
6149 9
5000 9
896726540 19
724153520 1074
345650587 1400
362748845 4569
695602274 598
597486484 2939
38473856 9127
176783494 2576
486718418 1954
132851035 2200
6191874 2010
466831340 3498
142306616 1074
384936282 5597
818922733 2026
262205352 1680
1227840 9367
748099114 3417
401795599 7084
815921305 1411
266676228 25
79581704 6781
233504144 3198
230583948 2402
88490005 8492
215853511 5981
132943048 8356
47053679 910
144256685 262
89227960 558
14609196 5729
20240973 7365
245940588 4512
225549613 3967
84786039 1417
130342862 9531
40714456 311
102039317 6045
23994426 2038
116704656 8834
3840017 2715
155763568 3426
244753757 5219
140004596 6515
53570187 7784
124795590 587
1000000000 100
999999925 76
999999982 19
999999990 11
999999989 12
999999929 72
999999932 69
999999901 100
999999927 74
999999924 77
999999937 64
999999958 43
999999917 84
999999940 61
999999992 9
999999986 15
999999938 63
999999955 46
999999972 29
999999991 10
999999920 81
999999900 101
999999926 75
999999936 65
999999981 20
999999931 70
999999930 71
999999935 66
999999928 73
999999946 55
999999944 57
999999977 24
999999970 31
999999922 79
999999903 98
999999984 17
999999908 93
999999983 18
999999980 21
999999976 25
999999956 45
999999910 91
999999952 49
999999933 68
999999979 22
999999919 82
999999987 14
999999993 8
999999918 83
999999962 39
999999964 37
999999947 54
999999969 32
999999911 90
999999974 27
999999909 92
999999913 88
999999902 99
999999942 59
999999975 26
999999923 78
999999960 41
999999953 48
999999921 80
999999948 53
999999951 50
999999968 33
999999995 6
999999967 34
999999916 85
999999985 16
999999999 2
999999988 13
999999934 67
999999996 5
999999915 86
999999973 28
999999959 42
999999957 44
999999907 94
999999998 3
999999949 52
999999994 7
999999978 23
999999954 47
999999971 30
999999914 87
999999943 58
999999912 89
999999950 51
999999966 35
999999997 4
999999939 62
999999963 38
999999965 36
999999941 60
999999906 95
999999945 56
999999961 40
999999904 97
999999905 96
440047215 100
359378248 1067
359891404 1583
372368497 2824
125507320 9346
71138880 9430
222518241 9079
224604008 6461
401278071 8863
76313863 8678
238417063 9378
370087529 7510
284296993 5862
426865106 3630
385501632 1444
270706045 1419
68230921 6056
85064668 2795
195845511 9843
21350707 5062
369896357 1401
169896741 1313
300872637 1703
268262991 9812
331600130 2066
19892708 9140
70715494 1798
365833985 3029
239682699 339
268203252 9372
76699924 8177
86017940 7592
213276272 4888
59028699 579
204516053 4534
367846536 2461
318971734 8855
103056292 6936
104628071 3365
193274265 8695
421793684 5353
18969563 8427
288135110 5637
294459176 5436
86888871 4221
213699970 2671
186727258 7522
65567326 1625
61245862 5767
45371512 4385
197878061 2461
67977594 221
423077576 8933
134036547 9916
278991995 711
1661648 5689
131731326 5791
247460045 7309
67008297 8746
394885862 2841
265711335 1475
250503720 5598
103852629 2278
53043306 2282
118515956 5489
254708164 5894
329638984 8238
431227624 7309
179599869 4588
9968891 6556
43717571 7110
170132650 3332
116685455 7643
259230612 4778
206509187 3072
102143314 9131
251944685 3616
380636239 6453
297466331 6169
273765271 1263
179533078 155
427350346 4680
220014191 8716
207598403 7864
103223436 5807
183218905 470
309258131 6283
300835878 6523
311230624 9097
147117457 267
16706198 8970
59032374 9244
436498116 7220
260862208 3581
364879327 752
14755626 7437
359190630 3241
296451485 8451
219556229 2301
385698415 6833
396729555 7349
642900792 26
505548225 6141
65765604 7051
13690712 8381
431807006 3004
604051188 7118
230644807 727
471828964 6270
605553846 5472
128923124 1017
449035250 2357
523168173 8803
392097800 9943
375838291 5248
58714104 8649
605539143 5923
244101656 7291
442724482 4750
140680271 1057
70876408 340
453081466 8344
414091613 9996
153427852 8733
508267081 819
558437224 9544
552744199 5321
133515384 8254
663218208 48
169359573 5528
633747749 433
427420103 8822
192587510 7039
214664344 793
260948195 6410
77123909 7348
464345740 7925
145019932 6430
392835011 5298
640273616 9871
172735036 8692
424938989 8832
533507595 7015
96504202 2607
358576857 9452
509468177 9119
134624360 8449
523557186 7550
562917465 3223
271490379 2917
569153787 7301
296871529 3509
155557568 7787
31213058 6853
43929866 8851
452159167 9842
187635677 8848
88261532 8593
590055361 9099
533863393 9463
43409277 9964
31118464 1355
629390117 4391
650349969 8053
609733745 4145
179911429 8397
453908793 6058
260421758 427
272013641 6408
451325119 451
238154040 8069
639105514 2710
554424205 9060
548241097 888
364801769 4634
592258734 1866
183658993 7066
1000000000 100
997000000 10000
991000000 10000
922000000 10000
916000000 10000
946000000 10000
974000000 10000
943000000 10000
929000000 10000
955000000 10000
963000000 10000
969000000 10000
972000000 10000
988000000 10000
941000000 10000
903000000 10000
973000000 10000
908000000 10000
987000000 10000
949000000 10000
907000000 10000
990000000 10000
961000000 10000
954000000 10000
950000000 10000
971000000 10000
958000000 10000
927000000 10000
966000000 10000
910000000 10000
912000000 10000
909000000 10000
982000000 10000
900000000 10000
901000000 10000
936000000 10000
951000000 10000
911000000 10000
989000000 10000
924000000 10000
915000000 10000
995000000 10000
913000000 10000
957000000 10000
959000000 10000
968000000 10000
906000000 10000
948000000 10000
931000000 10000
985000000 10000
952000000 10000
979000000 10000
977000000 10000
992000000 10000
942000000 10000
978000000 10000
981000000 10000
925000000 10000
994000000 10000
938000000 10000
914000000 10000
953000000 10000
999000000 10000
902000000 10000
904000000 10000
928000000 10000
937000000 10000
976000000 10000
983000000 10000
984000000 10000
945000000 10000
933000000 10000
919000000 10000
920000000 10000
935000000 10000
975000000 10000
932000000 10000
944000000 10000
970000000 10000
986000000 10000
965000000 10000
923000000 10000
996000000 10000
918000000 10000
934000000 10000
921000000 10000
905000000 10000
940000000 10000
964000000 10000
917000000 10000
962000000 10000
960000000 10000
926000000 10000
993000000 10000
930000000 10000
980000000 10000
967000000 10000
947000000 10000
956000000 10000
939000000 10000
998000000 10000
200000 100
2044 8
7889 7
8844 7
3908 5
5351 2
7091 3
4642 7
9954 10
2780 7
3495 10
1159 2
8939 7
3720 10
5077 8
9294 3
8365 4
1627 4
5288 10
4634 7
8198 2
6851 6
5582 7
7518 9
350 7
2065 4
3951 8
8131 9
6361 6
2695 9
2758 10
1939 5
4467 2
5752 3
9955 1
8218 8
1444 8
6007 5
5116 3
5000 4
9140 2
8019 4
3404 8
5701 2
6753 2
8355 4
9077 10
8350 2
190 7
9322 9
2368 10
4337 9
504 4
2014 9
4295 9
9612 3
253 8
4653 8
206 10
4326 6
1907 8
5850 10
8915 5
3445 8
2733 6
8735 3
5526 3
1398 4
9597 10
4479 3
7052 3
3707 5
7973 2
9675 2
3931 3
4628 9
1967 3
7134 10
1457 4
5378 7
3426 8
1563 7
5737 6
6393 7
1151 3
4296 2
7187 10
2449 9
6167 4
6227 9
408 2
6892 9
6586 9
7483 3
9656 9
4721 8
1376 8
2221 10
3906 7
1597 7
9615 6
792308705 31
276859769 6345
420815326 3904
524178763 5620
546085406 6326
592440381 9939
103504609 1389
449556629 3512
601371254 1978
342911001 8683
7366681 8782
645231143 2552
370783086 6347
442698596 9551
280765655 2470
622740127 6998
363068882 3472
256872669 1156
430592702 5223
415161335 9692
529108705 3466
41874198 5171
393921997 603
367635389 544
120701426 135
601944273 7421
65454405 3534
297206467 6037
511506949 1964
514292212 7481
542768740 8036
526579669 6548
181231616 37
141871137 8474
157710320 5895
165720984 7989
147159784 7462
143974156 5223
134707936 610
143462319 2156
52216517 8447
63714151 2339
161507406 1285
31757332 7222
150480102 3023
84363936 1510
22702410 3387
167627258 450
15158971 5875
140262047 3996
75515626 8372
88012481 153
27437921 3198
45350642 74
10988871 1380
21956739 4987
20276349 7804
169126741 2354
38356121 7116
77353243 3836
61992964 6651
19069053 3653
96377633 3164
152593488 8112
58501416 8000
56978519 409
28153084 7059
45189614 2214
123233569 467
97490391 9007
544909310 1
471188773 1911
862572350 17
446700801 5860
457551541 5610
659529901 8085
736622809 2050
146925518 7938
256932089 8499
385248338 324
49130608 3923
712264965 5805
578485573 4832
408821452 5028
388480231 6663
408773783 6205
345488017 9563
853224073 6234
518539049 6435
734573580 671
185124869 100
8695384 1150
55175551 6008
92262528 7805
181986093 1333
123123537 7141
136594610 3426
88669563 7389
4396515 4287
134267207 2856
69406607 4207
144802510 1391
144163338 6760
122108527 7619
74456660 1159
152502060 6711
58227483 3363
76061885 8987
125497944 6655
72872870 1123
32035505 1235
9798781 4030
139558549 2627
107322674 1453
76379379 3801
109168216 1624
147470929 4668
130173052 7498
102572354 7533
83286860 4511
104037422 7582
160444686 3832
134311845 4855
41968539 6219
104250479 6274
30995239 1418
97670020 3581
114683843 6938
184771892 1928
104586729 6682
116624915 5970
162720315 6110
13000056 7990
8179051 9896
152852527 4736
33844198 8381
139036739 5989
28922468 2211
36411789 4236
44430531 9003
138523310 7179
169236773 8842
90007737 1754
5406693 1618
148738435 5118
84223723 9895
33403775 9059
89923095 922
173753804 6694
109913017 3292
81627463 5188
89745883 888
156515596 27
99877972 9955
141354971 7632
82375221 9431
162885320 2601
161032821 1182
129226235 406
31747388 2701
141209553 7231
61589058 206
130047842 6116
152367787 8723
168035072 7704
75724612 312
129006502 7483
72439482 9231
129076019 5394
9704875 5991
20954886 5054
164375848 1482
55464869 6530
74654350 1988
88235954 5739
2847065 2759
16457635 919
3927004 7440
7832779 2822
61387619 5649
32168949 7525
41346422 3364
81330822 4457
21131208 9207
61003962 3671
160750464 5971
57062464 1415
32468764 2631
131297052 2961
106559466 5822
19272985 4013
481782600 5
35694076 4282
144550646 2661
299626099 5630
122316360 8344
98685392 5963
350860389 17
275994003 8320
192019394 6457
80789462 2365
344335603 7646
268149991 1560
336357178 4148
322450183 7458
22971643 7892
64628907 5342
224288696 8737
191452167 6545
346812408 9302
203041981 3573
36031353 7676
300689178 2044
325981975 6690
98299281 3317
748504705 63
363350007 2752
729026077 7367
660677785 8186
673936703 8657
289111600 9117
670045979 5938
178430567 4272
381743564 2400
704330944 6398
361058984 1988
423952732 5134
216983837 3144
181593246 6693
688988630 3440
723612482 6512
638119666 6782
266441461 6762
380033973 6258
433218427 4876
90466141 3356
315205631 7768
225142359 7661
383132379 5194
196562735 6080
605836008 2043
550606742 7669
413466331 8962
457655882 2445
591795896 4968
139695203 2237
546329494 2461
696277452 6586
612853011 6141
474231375 4183
274911013 288
486371755 1099
316158456 1250
471365530 9278
325204957 9622
723879045 2027
744471306 1494
110223129 6781
717554968 6357
80456093 4895
415740994 347
568703676 865
566346017 3043
94525155 1903
550428662 681
258843217 1542
684885978 4473
325448928 5287
127429962 6863
172273518 3365
103034920 6642
399811035 8038
3700520 4089
15643802 5856
100613871 1271
643596013 987
398528478 2498
373450640 139
673405202 4290
200000 100
3157 7
671 3
2667 2
8998 4
7754 7
8745 4
9364 4
8915 6
6442 7
4636 9
7145 3
7835 3
521 2
1915 9
412 2
9623 7
9146 6
292 2
6382 2
1430 6
2521 9
8406 2
5949 8
3378 10
1061 9
7768 3
708 2
5238 10
6323 7
7688 9
2051 3
5908 2
7832 9
5000 7
9150 3
8903 5
1710 3
4384 2
2251 4
1501 3
7624 3
1591 3
3549 3
246 4
5558 9
3159 8
7461 9
4026 8
8227 7
880 6
2539 10
1734 4
5027 6
1428 8
6855 10
6600 7
9537 5
2122 3
6206 4
2562 6
5062 10
8660 4
2351 10
9213 9
9341 10
9592 6
6166 7
4093 2
4568 8
1930 5
2437 2
1976 4
4050 7
9359 7
9733 7
6105 2
9372 3
8567 5
220 5
9734 1
2794 4
6989 2
8690 10
5723 5
4066 10
4851 10
7889 7
2183 4
6659 6
4414 3
6533 2
6615 9
7537 9
3415 2
259 5
736 8
8595 5
6362 4
7446 7
154 7
30998717 61
22941794 9155
2215339 2635
21956846 9383
23319605 4519
16642528 2778
23377075 2559
19136202 1757
1287899 6348
30702849 90
26408858 4073
5990572 8049
25382576 4614
18066642 9439
4966227 3348
10052656 7993
17545718 4024
24835011 3414
29506935 9976
10215866 1513
23673305 5451
118544 8396
20237281 6060
29609201 681
6600193 647
10299695 3553
5819654 1956
26251350 8819
11202533 4905
20492677 120
29419956 8578
13569930 87
6794198 1554
28034156 2019
3042246 4847
8461480 2098
26552148 4751
30980801 3427
16344475 4201
24634482 2646
823781 5121
18448405 1652
2860490 1246
6377447 5624
16403499 272
25854427 5765
9749463 8357
17484857 2333
27583605 623
23501925 2768
25457763 4357
4919792 2405
25480801 773
20049721 6400
11242250 6293
28574661 3753
26201321 8712
11493977 7254
7498076 8249
20853805 8052
7861506 1575
17145586 3325
269656799 100
90733507 1198
233661987 4635
64504932 224
3789614 9021
123651449 7526
244479204 9351
78567088 6560
175694251 1106
59941091 5796
443716 193
22116740 2972
48608408 9163
170343794 599
167923743 3343
229834781 4197
248664203 996
206141228 8895
26971915 1196
95132717 2462
184521252 9836
207990745 1929
89833465 4172
238344093 9762
125072524 9473
126199251 5870
109963728 9302
83054851 3800
120410154 1008
221527171 9515
176932764 5375
105760260 1915
238155957 9338
62340253 6975
173176630 6267
182716301 6095
26998433 754
41234993 8815
255131455 6373
239221395 9451
157654132 9161
66919286 5583
195261997 2461
6966930 784
229356319 9667
39338628 4059
170081687 7153
148985193 8072
6547721 9099
14826418 7709
1537139 7507
152641220 4621
206588597 9269
221645115 2284
31788319 9034
123868604 2235
45775262 8508
91195558 5825
119178118 290
14394985 383
83443311 8786
132692418 9758
98142401 9228
262148431 5097
102624761 5213
210041551 2920
82862021 7518
261986162 9599
43637619 2486
152519424 371
205938224 5063
47896193 7693
84174832 4280
264405733 690
180819036 9867
80188126 4799
102923266 9582
62468376 2439
68255506 3368
183021621 9075
214386974 550
62943715 6956
268019752 179
225278903 7806
39127377 1908
64000216 1997
99933393 6514
97475374 8833
22319562 4719
147657534 5123
263469500 4027
213730194 765
186287535 7896
221906925 4750
177890056 1285
15427219 2828
8141697 3848
39773840 9686
128729533 7233
73459506 9828
265483574 2090
962598568 48
454964528 7174
749527840 5297
961315208 6910
801366073 6290
265369873 2174
750671111 7361
108250028 8006
877341696 6736
245407268 9191
800985765 1043
612059297 6587
409496802 8599
185149073 3089
668347170 9016
526655947 4381
600456042 8516
702520189 8317
920192150 2791
374786437 9770
427071047 8266
485866964 8240
323134187 8067
746917683 2252
161151514 4862
123871191 6682
65019233 3386
421956646 9064
542596431 6351
770777538 4984
628308280 7420
840134538 1782
186034373 3858
912926663 2564
311149201 4603
613419695 1261
699146480 2154
584582247 4506
508285316 2126
883784509 2224
224202143 3185
62063359 8476
541484038 4138
24996674 8891
416777745 5085
275887839 4586
887963337 7437
572076656 915
302897110 9349
854401057 13
521318659 7723
662394670 769
175062836 724
53214518 7918
515826 4677
591834743 7493
355866120 2906
632821811 1594
385715469 367
363590447 7801
84150371 4763
706575543 7815
74887575 9266
302646345 5
176492641 4264
227113547 9268
245972243 1925
421123 770
16448634 9109
1000000000 100
999999919 81
999999900 100
999999923 77
999999991 9
999999992 8
999999937 63
999999995 5
999999955 45
999999902 98
999999929 71
999999912 88
999999949 51
999999950 50
999999933 67
999999938 62
999999918 82
999999924 76
999999931 69
999999970 30
999999996 4
999999956 44
999999972 28
999999934 66
999999979 21
999999982 18
999999971 29
999999916 84
999999977 23
999999997 3
999999941 59
999999907 93
999999910 90
999999957 43
999999944 56
999999905 95
999999986 14
999999947 53
999999945 55
999999911 89
999999976 24
999999940 60
999999909 91
999999920 80
999999943 57
999999959 41
999999990 10
999999981 19
999999903 97
999999906 94
999999993 7
999999963 37
999999917 83
999999985 15
999999915 85
999999953 47
999999927 73
999999939 61
999999928 72
999999975 25
999999936 64
999999935 65
999999926 74
999999946 54
999999948 52
999999952 48
999999988 12
999999987 13
999999978 22
999999899 101
999999908 92
999999921 79
999999983 17
999999930 70
999999962 38
999999984 16
999999965 35
999999913 87
999999904 96
999999994 6
999999989 11
999999958 42
999999980 20
999999961 39
999999964 36
999999914 86
999999973 27
999999998 2
999999954 46
999999901 99
999999925 75
999999960 40
999999969 31
999999968 32
999999967 33
999999922 78
999999932 68
999999974 26
999999966 34
999999951 49
999999942 58
1000000000 100
999999960 39
999999986 13
999999902 97
999999909 90
999999926 73
999999930 69
999999907 92
999999950 49
999999975 24
999999948 51
999999996 3
999999964 35
999999981 18
999999966 33
999999978 21
999999900 99
999999969 30
999999971 28
999999945 54
999999943 56
999999979 20
999999919 80
999999922 77
999999939 60
999999958 41
999999967 32
999999912 87
999999938 61
999999961 38
999999956 43
999999928 71
999999990 9
999999954 45
999999976 23
999999901 98
999999992 7
999999970 29
999999974 25
999999988 11
999999910 89
999999972 27
999999929 70
999999918 81
999999994 5
999999921 78
999999944 55
999999983 16
999999942 57
999999977 22
999999906 93
999999963 36
999999933 66
999999946 53
999999987 12
999999913 86
999999935 64
999999932 67
999999962 37
999999923 76
999999925 74
999999991 8
999999989 10
999999965 34
999999904 95
999999997 2
999999934 65
999999953 46
999999993 6
999999914 85
999999899 100
999999911 88
999999982 17
999999957 42
999999936 63
999999984 15
999999920 79
999999931 68
999999924 75
999999937 62
999999968 31
999999941 58
999999916 83
999999940 59
999999980 19
999999917 82
999999949 50
999999915 84
999999898 101
999999927 72
999999905 94
999999955 44
999999903 96
999999985 14
999999952 47
999999947 52
999999973 26
999999951 48
999999908 91
999999995 4
999999959 40
561063915 36
531633328 9401
287006323 4468
179786563 7849
305139118 1905
45577272 3555
145299175 2928
322373755 9295
228305069 113
559204028 7651
378845748 1267
169936739 8990
324154784 225
240482526 7861
370434640 6736
352713404 1084
52494934 6172
133099479 5624
155641935 7394
60895488 7172
128184887 2788
245239731 3162
430296280 6412
346392141 9883
268929000 4635
167387536 7579
72472036 1406
20296030 1402
65713219 3638
426057403 2100
235141955 12
445017839 1288
132033272 8897
80904371 4171
60434527 9810
81177703 8269
123692738 6336
222949435 7
10400239 6737
116465206 3204
39186154 4384
105722888 2708
100235764 5626
42560881 6401
177737029 8579
555502813 61
386401303 2593
279401162 6465
131664880 6632
482994448 8937
8213720 7245
522282049 2512
466257816 8598
95311332 5075
396111555 2609
473407295 9695
279173527 616
308363333 6039
447503891 1126
74348012 9269
114764036 2579
305732703 6071
7987497 7961
113527532 8927
271170424 5875
12308235 4032
467787947 6068
333856268 2861
134660909 2157
163737869 9820
359747432 571
148035700 6922
549904293 8204
346495653 1106
443681718 5001
479457045 9144
276145494 716
162122277 7312
180054635 6141
383826394 8325
222718351 9894
89719325 5209
41250178 6097
348307258 4121
32114380 7049
3629223 9872
552328194 8421
157678184 2574
42781688 7829
249946027 5760
326421308 1277
480730970 5927
189749948 3667
379020264 1751
117605519 3280
110565975 2607
70797483 7495
145638231 96
78330730 724
113191001 1082
175920353 6013
87907336 8886
252015119 7293
70995653 1064
256090516 2084
303248150 4979
155474366 9529
301210993 23
243137548 6993
80356034 7772
18718274 7417
298196427 4528
34350735 8350
215874378 241
165040744 1652
189293018 8795
199654064 7027
39796971 9872
59001967 7084
207345636 5364
166395693 1925
126117536 943
67041557 4155
178678349 2391
115622785 6958
225560292 3757
145068637 7596
193368526 2923
33636525 9577
175086922 8795
124575431 6248
205713184 25
85367227 6243
126362697 2978
35847701 158
185682696 7025
139653973 2545
120650281 983
75072933 4634
5952213 337
65896287 5472
50698316 6986
43198327 5552
202534517 7627
8583113 1798
62134368 8579
74507718 59
25908649 500
175416488 300
123841811 1379
59925215 6594
76327995 9938
89441655 6086
104499777 5915
118615088 6615
199982771 6393
144392180 2768
159483764 100
82152102 5666
105952188 4272
21076324 800
130272242 1688
118336656 251
71125649 4223
157825499 8825
143546384 4654
128317055 455
80353065 8807
54486771 4938
78339145 9421
90577510 7986
148241425 4737
48631140 621
27518803 9367
141096762 8904
79893288 9669
127504043 2840
90569058 4348
29854557 1682
115062842 183
1315039 4730
41168923 7313
93524648 166
98884516 1188
122474476 2624
11687329 9881
116521523 811
93544024 2182
142803078 7903
129158798 8066
25640363 791
96471482 9565
23826203 779
58692111 7596
52826734 8880
135593379 4546
127519388 9906
35226395 7176
87027352 3561
140493168 9518
129208526 3958
74227011 5323
91955578 2880
83499275 5150
117765312 3587
112810799 5575
50239759 637
89768566 2963
117287248 1964
20905999 4753
76038778 1013
111087969 6433
152777077 1181
51669869 9530
112701665 6246
132713984 5811
4716872 7048
37339363 9256
130469337 5289
131401896 2334
86278614 8972
5460811 5093
52215855 7681
158239509 7536
72403011 6759
9911488 2409
137678775 1602
125088018 7509
137746860 6533
152670825 163
132478383 5329
92663717 5141
31177950 7617
154273492 6257
62487234 9515
58201166 7464
152245550 8905
13151929 190
1134797 95
61883812 2587
75614778 4731
129708040 7591
36170209 6927
157356284 611
90287951 6797
6700884 6061
134043275 30
19127615 1186
70916387 8817
22167963 2204
51716825 7019
38554838 9490
44900989 7743
38306351 3457
95504758 3614
128270786 5145
83675141 6501
88558376 6282
872907005 100
305722047 9429
172923133 4262
380140093 6229
820809067 6777
380710811 205
59863468 5057
160344046 9883
319799403 68
527997765 767
858970243 7637
21965683 9426
620601790 6042
574951335 1020
657666884 4121
191847601 312
347951750 9879
141974229 5611
59043281 515
479214524 2687
61657869 7320
127194265 6299
702708380 6051
429938180 2654
51089120 7565
403706708 3493
235046044 8463
486081758 1107
665453499 629
5896994 7589
568688275 1208
844050085 5375
598623216 1894
732639481 1743
363439323 1773
233910719 7414
758582682 2910
723712834 8306
581054895 2943
149590229 2734
707988467 6365
408256135 5623
721632102 457
842469717 3393
432885670 1350
165544827 5953
829698728 8284
443229342 9950
246606294 6207
514712136 4462
263853578 537
852777040 5208
151551449 3071
596770684 8658
418174618 5704
471131165 8726
629252103 7287
390005349 5021
596430389 3433
123330763 2598
447583070 2538
12823155 8068
658064855 6227
733825548 8919
695694637 150
614554752 7879
861799379 2940
240705241 2125
723782673 3733
320379666 3776
360564509 3669
546597079 910
843865847 6734
420168611 5567
172683454 8518
328383362 3169
661835181 7937
114705661 9830
253277937 7224
34673194 1628
607304937 6631
662286061 1091
317122957 9228
492501309 9487
373737172 4990
701519606 4651
587715249 2890
708451852 2264
187410245 9002
474759614 6080
863433693 7874
807128876 2805
855881702 6166
94253846 855
415906843 8785
733082296 6064
279291485 6223
291170742 4748
641130748 4345
70987939 5
246803010 6369
229217281 20
160289280 9962
133559871 708
211537371 3865
163629456 2735
98383834 4049
61495066 694
78550923 7592
197414245 266
127161068 3562
72447038 9383
108480570 7771
183109754 3190
20852543 4595
44529952 392
133332948 274
191283491 5512
37492670 55
224692090 4394
12271109 2831
34809933 6079
729266194 100
691561558 4523
440088986 7834
524033898 2298
536449573 1137
265320481 384
131835884 2331
430729270 1133
127262608 4136
499909800 8416
460715395 4608
654915018 5977
184455862 6663
584229546 1541
88865631 7956
726140855 1349
225723630 2295
250403027 8411
276334503 6495
643085058 2778
246417468 2559
720038427 5238
112847401 8630
259337796 9336
346583430 2681
620550224 5015
291923143 580
46447368 3986
11692133 141
262450206 7027
378007394 9061
630831761 4448
384971233 3072
717710205 258
382653946 8627
115421440 953
229112997 6466
121301936 1869
679330606 180
611635659 8402
250843453 1720
600514281 1388
325282321 6747
447298425 7394
2347739 1930
126548750 7101
85245329 2622
526077159 8101
190571374 8563
489476052 8804
546620768 1518
23258739 2535
551994654 4189
426634257 2226
412849951 7375
641103066 3246
617781770 2958
546767314 445
161010613 930
664608476 3127
467365930 7983
727462079 5021
582112906 7367
425370053 9348
498148280 1079
729082650 3140
506305520 3622
374783209 6547
677650064 4933
604488809 375
711655507 2093
258015717 7695
632710874 8513
569476501 7192
502773288 1241
649923266 2647
599863511 6204
413341978 6746
119022119 569
514278622 119
712617325 7566
632142518 3987
474186701 1529
435992541 3072
39524531 3634
486162963 603
536801296 7059
678388081 1334
502240033 7505
457284328 921
193238649 4154
19911791 3809
292177497 6892
208989087 9871
630653231 4762
439007321 7306
518076307 224
586146739 43
514563697 1490
699169241 3323
347502419 8490
482746329 7
85890793 5803
364815534 4837
252313850 6271
131999101 426
174166558 2259
81351043 8307
285581057 3682
85803712 58
48869509 1806
66850326 3686
80273975 579
74842829 2276
16959996 2224
67914286 2357
22914288 6494
48133361 413
85018803 6071
73555496 7510
50678092 6034
31871528 4718
7090919 422
41903592 121
80994298 3645
79570276 9959
42292446 7767
48164236 3006
12845216 8187
19069925 9207
22524078 9252
22066195 8650
3825363 3907
77630006 3285
56216246 1171
41683950 7191
41934626 5734
81441563 9405
15990305 2700
85286574 7286
11066688 6498
4543346 606
34880038 6159
51843117 1454
72580425 1471
59898424 1107
85518809 2775
65161569 1676
72530410 4623
35366773 3397
61578559 821
84019391 2125
33074760 9633
7754542 4880
49033336 1337
35824454 9854
17575075 2853
12098037 1199
15752458 9156
45349977 7802
33469263 1130
82599171 5466
47535259 9609
39023156 2644
72187952 2346
79732947 5273
8878874 2670
28663658 6667
608265648 100
401870636 7009
577568029 1691
251073405 5040
325953037 8590
159057197 5324
606740158 5459
277080010 6125
22303664 3434
57842422 9351
273357972 1042
594826321 230
240047501 6532
92779736 835
308671713 139
506258768 1338
589896256 2713
127174186 7914
454077627 6830
54349211 6044
308495157 1615
89286890 6155
188699878 9458
324448283 3938
149399083 4735
221408171 4197
302305461 1139
460299160 2010
495963885 7327
211913721 2301
189013455 1217
496983459 6793
291553288 5511
17084338 944
454813321 6739
442583181 5882
140326217 8019
198784876 3763
424371592 2760
108680643 8315
214644985 7246
560610828 7521
104884736 5508
539830587 1193
541973975 2810
576020486 9369
289142346 9083
352603608 9548
607612902 6431
484830503 6614
2810356 1267
592269689 360
342657717 2299
25617273 6375
175816255 9624
411134415 4605
472835647 2096
262693372 8744
289025664 4643
478040791 6121
445122201 4987
99650927 3306
511978013 2514
489946689 8923
553253424 3690
506062772 9894
17622221 6333
437254674 7751
58823542 3417
100936662 4335
308787597 2444
460419399 4819
29413771 253
440213192 6178
142471713 3021
604709559 4375
260649552 2741
425785215 7207
586542275 4062
528735400 6698
527296273 8693
205124845 7113
308900177 2896
554794394 6271
196452059 6377
573337434 2790
341144441 2849
523607750 3305
546681087 5822
396117721 1975
415800654 6099
196697936 790
314687270 1890
81648171 5834
426183071 3185
90332720 5540
570569848 2670
428691888 6448
159001754 1171
101587829 1048
4871063 9066
853258472 33
438283488 3838
299369422 6076
34555796 1065
704846206 3253
610027316 365
773593606 785
785297002 4529
179994814 416
467052870 1739
177582088 2018
626024070 634
7279642 1409
374074661 446
294608004 183
216523346 1246
43303582 1769
197556950 9881
219987044 3921
534805227 3869
36387263 7428
311423454 510
687947829 6889
114571298 931
714725519 6865
546645907 5574
114046961 669
614648841 8029
706715116 342
679972256 9896
131818326 4849
585482894 381
22330140 3295
358842282 9615
2 1
1 1
613145284 83
608451464 8287
43168210 7135
334341533 4486
537708669 9331
330115606 7623
257365495 6133
441318771 213
288715731 7824
79135362 8038
428965695 3903
300443164 885
385942477 695
403265398 1591
402350950 9098
160801354 5599
70627115 2775
121737722 8630
457770857 2834
106062716 429
40201710 710
522930852 6442
456656956 668
528812824 9370
104485836 4026
169482415 4955
530663176 1032
335403844 7966
32564250 5935
565519984 4635
318409660 7096
87951456 6428
48507577 5201
379978723 8308
432585739 4968
118354617 2910
379135552 5424
269052330 2915
403815683 4411
32635345 6737
151634402 4525
102453131 7089
400912481 7136
513626640 5431
204853479 2364
309199877 3297
319418489 5417
81746689 6303
183039794 6719
28838155 4433
153958931 3163
591272040 7988
414497102 2161
373447613 8711
612848177 7417
111275722 9477
48870091 7470
110643894 9804
359167081 3078
457658093 4988
502754727 4336
110606672 1489
202138306 4089
148045575 9961
519296565 6338
478557001 8317
603326075 2446
611052227 1912
565562614 4649
474957348 9064
332106284 9369
573278385 8318
497470373 5177
295565736 5797
141985671 4636
192351739 9426
598045469 5360
189914373 6241
405320428 5473
263345096 7722
42284763 3120
363201956 4549
382767627 1568
545120907 5453
67922947 41
47018631 744
37126579 94
1013578 7590
1075899 1941
57826025 2388
17364146 9014
53047242 6500
61031302 8438
67019152 6081
27432824 3933
58842957 670
43930597 2168
61667775 8553
20373719 2060
25795554 7747
56495475 2722
36222064 7341
66775781 2621
44587079 2280
35839789 4044
53908778 6805
48601161 2102
50680284 8352
36333167 8566
1770386 1368
21511694 6934
43045058 5868
17817675 8899
24170720 6498
14593762 8805
10290968 7261
55438353 3771
38688213 6635
54685135 5937
54941350 8717
49476675 3713
32098883 1992
19985519 1525
44274901 9219
26863083 5689
56463943 9187
200000 100
744 7
9218 8
4003 5
8001 6
5013 10
5911 5
5249 5
2988 3
6223 8
1244 10
5746 5
9686 4
9225 8
9434 10
2673 3
3234 6
5946 10
5997 7
4123 6
4061 8
9584 8
638 8
6060 8
2735 7
3207 8
9744 8
5555 4
4363 9
2116 3
8257 3
4613 8
7890 2
5260 9
3978 10
5570 6
9975 1
9049 2
2617 7
5332 10
2792 5
8680 3
2120 8
5405 9
1001 3
1363 8
9489 5
1913 2
71 8
1113 7
1090 3
7376 8
2630 5
9539 9
9287 10
2081 9
7848 4
4255 6
6402 8
9974 10
7692 9
9585 3
9476 3
3215 5
2622 10
9741 3
4295 6
4396 8
549 2
842 8
2700 10
7061 6
3708 2
3972 10
6753 7
517 3
6920 8
1240 7
9086 7
8971 6
6910 3
1738 8
263 2
7052 7
8070 5
5000 5
4914 10
5400 7
9251 3
3544 6
3009 7
1028 10
6656 4
3974 3
4051 5
6667 10
9946 7
905 8
7741 5
5356 3
771 4
602334753 10
306331328 8570
286367620 1209
257502823 3500
472015141 8145
177103851 4839
296682115 5044
305450964 4626
263693249 1315
478164599 3977
558753677 5427
602498990 26
535112306 716
320032055 9433
27427915 7028
126760508 3803
188565698 1108
273759680 8096
155887696 4142
340357490 3764
529824823 9416
256848237 4000
304019095 4675
123370118 6391
295423779 6795
105500203 41
140447346 3180
315048347 5449
434248920 6488
564537721 523
555713130 6
477847220 8872
180017487 9170
369218976 2189
250373429 3636
480799179 944
435077553 9434
360870338 7588
200000 100
6980 6
2964 10
8781 9
9173 4
2064 5
2514 2
7821 7
4745 2
8694 9
297 4
9941 1
4339 2
8267 6
7155 5
2132 9
9940 5
7542 4
2566 2
3869 10
6524 3
6989 10
560 7
8723 3
506 5
1206 10
2950 3
3436 8
6750 8
7231 4
5500 9
893 6
7703 5
1550 3
5439 5
7961 5
4566 5
303 10
9270 10
5000 7
7224 7
7048 6
1540 5
2375 7
833 3
2854 8
674 10
174 5
1154 2
8168 8
24 10
9351 10
6422 5
6376 5
3012 2
4514 3
8585 7
4355 4
2012 8
5295 4
7055 4
5789 9
1217 2
6967 8
5974 2
5423 6
8936 6
2074 3
6636 7
3060 7
3658 6
7445 6
3618 3
2968 2
1846 5
9030 2
5381 4
8079 6
5948 3
2913 5
2149 4
4116 2
9335 4
7205 2
567 10
1834 10
8091 4
2054 9
6588 5
7723 4
2901 8
6303 8
216 3
5939 6
5536 3
8004 5
7420 6
5462 5
4341 8
9593 4
8087 6
