99
2525 1
2400 5
300 2
120 60
60 90
330124080 1
1682024 8412
663587773 2
495963524 5098
186817474 9481
275748003 1
90868917 6077
64395942 2
50170977 7714
49674014 3306
439933129 1
291121827 6717
1000000000 2
999000000 1
998000000 1
824138278 1
472322634 8665
671486382 1
412975826 6139
239153351 1
32548444 4661
2327449 1
1134051 1405
845464783 1
324256450 6931
276810527 1
123457497 1099
496492543 1
112228459 8602
1000000000 2
999999999 2
999999998 3
328454613 1
68610408 2640
616507823 1
125398186 6260
690957480 1
143421249 5437
345248471 1
171646221 5552
909663201 1
744637097 4236
581810432 1
509097119 8688
971073986 1
484660405 5107
706569676 1
335370441 3235
136015176 1
31016349 9331
169447123 1
14761400 6873
773902189 1
75101296 1247
814500510 1
62384982 302
501832582 1
167521933 2094
1000000000 2
999999998 2
999999997 3
937886083 1
169717099 6510
486853265 1
147765541 727
794045987 1
689778670 7295
489676934 1
300043484 8346
399622592 1
339131289 9667
634826235 1
144907626 5900
504011124 1
287859882 9601
538661030 1
297571344 7911
209715269 1
191281318 4425
1000000000 2
999999997 2
999999996 3
218522094 1
120213360 27
750491302 1
63310715 9790
2 1
1 10000
242667608 1
99941327 8601
1000000000 2
1 3
2 2
238472920 1
126117719 9966
416456916 1
169610144 5679
236849546 1
187942574 1378
120612559 1
3811932 164
200000 2
5000 4
5001 1
261293416 1
78491912 5988
8613612 1
8128514 2842
587504269 1
350947160 5990
712604379 1
484342978 4776
360921118 1
128136473 6956
1000000000 1
1 10000
219070414 1
151834381 4659
552420460 1
358036777 2778
1000000000 2
12345675 3
12345676 2
73804820 1
34944399 4933
743042801 1
489583491 9251
433336790 1
123988537 1615
1000000000 1
1 1
941232946 1
760182675 2779
631326068 1
386095147 7399
508980048 1
167048861 7433
466626862 1
52233481 5271
493482063 1
251982305 3423
451505348 1
144099680 5913
983346330 1
11628106 9532
230787161 1
44509126 1794
366691219 1
337679225 613
830909823 1
395516490 6958
782169043 1
188636197 3527
374268859 1
241679917 378
1000000000 1
999999999 10000
511584573 1
30914816 8871
674332370 1
3993156 1555
594253979 1
127581430 4026
637725451 1
630602035 4788
74483364 1
11558009 5984
1000000000 2
998000000 10000
999000000 10000
189314408 1
85881158 9253
600892637 1
423807604 3889
623563963 1
405929462 7462
321584076 1
172324831 3623
525792633 1
502739430 3701
708076817 1
323539549 1540
230141418 1
196349365 1551
1000000000 1
999999999 1
146685960 1
31666960 4481
84526589 1
51071922 368
2 1
1 1
706736589 1
268501962 9134
458077116 1
455389878 2690
367676535 1
352996634 9111
160882277 1
143640311 1592
1000000000 2
100 10000
200 10000
908238395 1
660674343 822
