100
6 2 0 2 0 2 0
3 1 0 2 0 0 0
6 2 0 1 1 2 0
4 0 0 2 0 0 2
5 0 2 0 0 3 0
4 1 0 3 0 0 0
8 1 1 2 1 2 1
6 2 0 2 0 1 1
5 2 0 1 1 1 0
1000 500 0 1 0 499 0
709 289 9 59 286 9 57
595 9 28 262 7 29 260
3 1 0 1 0 1 0
6 3 1 0 0 2 0
278 173 0 42 0 63 0
381 7 75 108 5 78 108
1000 0 0 500 0 0 500
4 2 0 1 0 1 0
7 3 0 2 0 2 0
86 11 29 3 11 30 2
6 0 1 2 0 2 1
5 2 0 0 2 1 0
511 59 70 127 58 73 124
8 2 1 2 1 1 1
1000 0 0 500 0 500 0
1000 2 249 250 0 250 249
997 3 248 249 0 249 248
992 354 0 334 0 304 0
999 499 0 499 0 1 0
1000 250 0 500 0 250 0
8 2 1 2 1 2 0
4 1 0 1 0 2 0
587 70 134 89 70 135 89
258 45 71 15 42 72 13
9 2 0 2 1 3 1
200 4 86 10 2 88 10
7 0 1 2 1 2 1
455 3 184 41 0 186 41
913 50 302 105 48 304 104
6 3 0 1 0 2 0
5 0 1 2 0 1 1
4 0 1 2 0 0 1
3 0 2 0 0 1 0
656 303 9 18 300 10 16
554 28 164 87 26 165 84
3 0 0 0 0 3 0
5 3 0 1 0 1 0
999 332 1 332 1 332 1
999 167 166 167 166 167 166
7 2 1 0 1 2 1
974 30 333 125 28 336 122
163 9 49 24 7 52 22
999 250 0 250 249 1 249
999 499 0 0 500 0 0
999 250 0 499 0 250 0
8 2 1 1 1 2 1
15 3 2 3 2 3 2
806 120 208 75 119 211 73
999 500 0 499 0 0 0
798 383 0 184 0 231 0
332 83 18 65 82 19 65
999 0 499 0 0 500 0
520 171 31 59 168 33 58
1000 334 0 333 0 333 0
317 67 83 10 64 85 8
1000 0 0 501 0 499 0
235 5 70 44 2 73 41
7 2 1 1 1 2 0
5 2 1 0 0 2 0
13 3 1 3 2 3 1
999 333 0 333 0 333 0
996 0 248 250 0 250 248
6 3 0 0 0 3 0
14 3 1 3 2 3 2
4 1 0 2 0 0 1
12 3 1 3 1 3 1
137 15 0 54 14 2 52
998 166 166 167 166 167 166
579 71 86 133 69 87 133
7 2 1 2 1 0 1
859 101 8 321 100 10 319
7 0 1 2 0 3 1
673 10 286 41 10 286 40
4 2 0 0 0 2 0
197 41 0 12 0 144 0
7 2 1 0 2 2 0
3 0 1 0 0 2 0
7 1 0 2 0 3 1
207 96 5 2 94 8 2
16 3 2 3 2 3 3
999 250 0 249 0 500 0
392 94 71 32 93 73 29
7 2 0 2 1 2 0
8 3 0 4 0 1 0
736 87 0 613 0 36 0
4 1 0 2 0 1 0
136 8 39 22 6 41 20
998 0 249 250 0 250 249
5 2 0 3 0 0 0
4 3 0 0 1 0 0
