99
6 2 0 2 0 2 0
3 1 0 2 0 0 0
999 250 0 249 0 500 0
848 42 0 421 0 385 0
834 196 0 118 0 520 0
473 236 0 90 0 147 0
13 5 0 2 0 6 0
6 0 0 3 0 3 0
705 199 0 308 0 198 0
985 422 0 316 0 247 0
999 499 0 499 0 1 0
5 1 0 1 0 3 0
271 47 0 95 0 129 0
860 388 0 407 0 65 0
999 333 0 333 0 333 0
5 2 0 3 0 0 0
1000 500 0 500 0 0 0
769 356 0 250 0 163 0
348 138 0 57 0 153 0
51 4 0 24 0 23 0
989 465 0 235 0 289 0
930 696 0 4 0 230 0
461 175 0 82 0 204 0
702 157 0 281 0 264 0
4 1 0 2 0 1 0
169 56 0 38 0 75 0
825 229 0 332 0 264 0
893 230 0 259 0 404 0
589 119 0 184 0 286 0
3 0 0 0 0 3 0
41 19 0 12 0 10 0
624 227 0 179 0 218 0
180 53 0 48 0 79 0
767 190 0 228 0 349 0
278 99 0 130 0 49 0
965 298 0 369 0 298 0
7 3 0 2 0 2 0
833 415 0 297 0 121 0
579 277 0 256 0 46 0
176 133 0 20 0 23 0
659 472 0 101 0 86 0
898 161 0 257 0 480 0
558 252 0 201 0 105 0
77 27 0 29 0 21 0
858 329 0 414 0 115 0
542 236 0 291 0 15 0
4 1 0 1 0 2 0
523 99 0 181 0 243 0
4 2 0 1 0 1 0
211 74 0 42 0 95 0
964 399 0 207 0 358 0
93 31 0 38 0 24 0
3 1 0 1 0 1 0
356 146 0 88 0 122 0
783 333 0 190 0 260 0
695 233 0 326 0 136 0
4 2 0 2 0 0 0
1000 499 0 500 0 1 0
4 2 0 0 0 2 0
941 421 0 88 0 432 0
975 44 0 139 0 792 0
336 47 0 161 0 128 0
253 124 0 13 0 116 0
69 26 0 15 0 28 0
920 169 0 376 0 375 0
1000 250 0 500 0 250 0
281 83 0 104 0 94 0
517 26 0 304 0 187 0
1000 333 0 334 0 333 0
591 83 0 254 0 254 0
978 908 0 16 0 54 0
1000 499 0 0 0 501 0
73 49 0 7 0 17 0
137 61 0 18 0 58 0
4 1 0 0 0 3 0
52 21 0 26 0 5 0
671 328 0 316 0 27 0
999 499 0 250 0 250 0
485 132 0 153 0 200 0
325 150 0 150 0 25 0
3 1 0 0 0 2 0
358 124 0 121 0 113 0
659 183 0 298 0 178 0
67 25 0 30 0 12 0
5 2 0 1 0 2 0
550 221 0 261 0 68 0
77 35 0 10 0 32 0
343 153 0 29 0 161 0
575 92 0 249 0 234 0
471 114 0 219 0 138 0
6 2 0 1 0 3 0
393 165 0 81 0 147 0
389 73 0 135 0 181 0
223 68 0 104 0 51 0
611 232 0 85 0 294 0
999 499 0 500 0 0 0
627 148 0 211 0 268 0
991 369 0 233 0 389 0
115 44 0 15 0 56 0
