95
59 468
450 247 287 90 350 134 188 148 100 159 293 106 63 300 264 466 396 188 156 435 358 166 174 276 371 382 300 386 149 195 289 149 77 303 447 7 214 273 456 299 141 357 101 148 92 11 211 162 228 175 103 435 391 198 6 102 418 2 385
33 656
11 542 8 16 186 480 544 382 575 221 19 567 12 395 355 73 557 44 12 5 525 406 240 213 143 32 9 416 449 377 96 535 510
91 1000
250 557 304 9 610 703 486 344 588 504 201 8 799 590 10 473 539 39 191 959 816 157 203 273 329 363 876 870 845 882 323 22 558 893 76 5 870 689 790 424 586 286 427 758 933 155 190 330 693 556 550 513 61 754 424 997 530 438 950 196 417 106 283 735 702 672 264 356 54 809 946 757 559 983 145 223 162 451 467 660 440 25 511 650 314 23 19 906 392 626 415
76 941
13 68 650 277 787 812 12 100 336 744 43 802 67 144 305 799 143 234 373 833 12 236 8 904 6 814 731 229 75 434 915 327 78 418 919 8 542 177 167 752 578 355 395 407 744 925 13 848 131 88 532 733 8 782 766 8 810 13 784 789 139 838 7 794 528 443 404 773 4 761 3 475 363 180 371 633
43 929
645 820 819 641 438 270 76 57 1 906 798 152 91 237 750 912 778 31 366 530 446 93 21 349 19 913 117 709 912 887 460 4 849 702 315 221 164 793 8 876 6 69 39
69 41
26 1 2 1 25 27 21 5 17 27 12 37 17 22 40 24 10 33 8 26 1 25 31 1 27 12 32 1 1 41 4 22 1 15 17 25 14 20 36 21 40 7 33 41 1 7 32 34 37 1 13 33 39 35 29 10 33 24 7 31 1 37 20 35 1 11 27 37 16
47 630
394 128 535 9 212 196 500 315 325 516 393 529 267 344 275 467 476 186 247 575 67 627 323 226 591 136 508 7 215 274 223 333 415 255 397 415 434 11 529 111 492 564 34 413 140 23 13
77 832
292 156 52 630 745 354 598 115 587 411 810 670 310 582 557 473 408 4 261 627 10 6 160 644 471 610 682 5 322 8 564 225 545 222 240 404 152 26 3 814 8 602 697 377 86 161 271 800 11 198 578 190 431 485 298 136 647 167 292 186 3 186 9 45 223 565 4 140 632 595 340 310 767 463 188 199 807
98 23
16 19 11 1 19 8 2 12 22 23 21 3 6 12 21 1 6 1 22 6 23 21 6 14 11 22 22 1 12 6 4 1 15 1 7 14 1 13 9 22 23 2 12 2 2 20 7 22 6 13 6 21 4 23 19 10 11 13 21 10 6 6 6 19 1 1 22 20 17 1 22 22 4 18 4 7 1 19 1 3 2 11 23 20 8 1 16 12 2 6 13 17 8 3 8 16 20 1
18 976
631 354 703 221 520 952 896 256 45 292 666 354 814 818 67 45 457 254
35 268
143 6 35 7 161 243 94 20 70 7 71 1 24 8 115 35 161 214 20 210 6 239 107 250 61 179 140 184 47 1 85 7 8 46 91
48 370
319 178 286 305 304 186 5 309 242 144 191 1 3 352 11 160 344 93 133 81 361 196 91 302 261 119 262 74 141 137 181 259 69 160 345 21 218 188 201 137 33 150 4 34 323 152 154 8
100 968
836 465 2 491 620 490 640 237 499 859 167 498 92 477 572 78 57 596 739 216 166 941 339 959 382 877 304 649 686 136 3 237 776 91 920 173 162 578 963 2 4 171 10 430 919 872 185 451 835 456 898 514 376 9 13 182 563 552 4 162 888 168 840 811 334 146 256 21 424 807 799 542 956 817 649 609 2 762 528 877 586 666 583 214 4 42 594 177 510 755 94 25 609 912 646 443 271 743 5 42
91 985
933 867 304 319 9 951 9 542 821 1 373 640 8 495 258 419 186 777 858 874 4 793 704 485 227 825 912 338 738 891 435 381 672 112 227 389 8 727 284 622 6 129 964 59 126 7 71 726 132 755 678 6 878 11 948 6 257 11 775 5 4 301 202 662 736 466 343 621 419 22 873 409 78 3 940 226 971 560 167 802 874 510 148 8 214 529 953 2 363 803 322
60 680
231 266 591 470 219 247 416 677 49 60 511 606 66 88 415 98 146 619 565 404 25 9 322 318 52 62 242 422 251 422 533 576 674 320 249 423 446 8 35 544 359 10 344 571 228 446 311 139 256 5 549 1 94 615 457 25 503 622 205 40
33 837
183 314 694 469 158 424 4 49 454 7 747 17 474 472 522 665 324 794 741 22 663 159 221 699 657 556 127 174 160 15 192 415 644
9 984
203 80 715 20 138 696 708 617 877
55 468
86 428 83 208 379 97 167 99 33 300 144 261 140 172 113 431 189 368 372 9 379 386 6 71 427 9 114 328 299 31 271 125 48 225 363 300 55 2 444 9 1 114 361 412 306 254 251 455 81 79 156 5 196 254 203
97 680
489 7 441 653 21 417 8 589 220 538 303 3 663 2 329 438 99 190 190 460 5 272 5 145 56 3 338 77 2 518 191 74 244 131 548 552 51 521 127 542 566 12 2 138 11 262 662 552 120 500 6 559 61 660 3 16 15 134 122 3 397 438 441 159 296 47 315 194 74 554 218 291 95 668 310 480 270 670 439 277 404 372 422 546 617 385 354 344 193 529 331 4 624 400 396 399 339
11 448
405 27 264 25 341 418 180 124 9 319 182
98 935
133 31 102 869 616 406 209 8 464 137 247 432 896 111 6 356 891 484 883 556 783 840 662 312 840 260 590 11 676 283 611 718 624 838 500 664 535 364 569 572 743 180 586 813 684 685 178 904 140 822 334 393 873 477 689 593 842 786 933 701 419 610 553 330 120 446 16 840 690 379 416 169 63 158 393 5 607 321 881 234 229 505 807 685 773 824 688 446 5 445 564 909 698 8 685 897 553 427
54 57
39 36 42 54 47 43 3 57 32 10 8 26 7 33 36 29 17 50 24 32 28 37 16 21 7 40 46 14 8 1 2 36 37 55 13 51 29 57 23 46 34 47 2 33 2 25 6 53 43 44 51 20 2 39
33 777
4 698 130 418 12 22 511 451 24 419 375 507 708 21 122 613 66 682 508 557 36 519 579 12 249 462 428 194 498 706 675 136 276
93 905
537 148 684 399 644 482 28 8 627 166 68 763 185 522 776 162 501 1 811 8 139 790 627 9 675 498 65 7 564 16 37 375 821 290 147 517 605 462 77 10 9 838 832 215 648 895 346 27 840 508 379 494 649 177 41 268 703 502 98 478 381 10 199 732 741 4 863 640 563 561 677 359 864 568 702 144 380 715 223 186 648 3 9 662 2 481 239 213 347 4 579 876 6
95 960
1 35 580 317 543 12 465 809 2 582 100 805 76 811 627 602 404 501 239 404 570 55 20 667 698 523 253 953 564 589 238 829 554 862 331 377 326 610 94 645 9 2 955 446 42 5 343 787 581 728 664 394 372 143 200 113 531 195 807 392 429 80 425 676 255 228 886 47 381 771 939 38 5 426 476 696 847 922 699 474 233 218 660 415 164 4 439 2 488 575 5 802 486 505 56
93 994
230 234 2 814 444 760 962 700 88 99 863 601 762 109 473 158 299 49 330 795 770 112 748 196 428 904 637 208 93 775 798 4 87 346 283 520 117 576 930 971 676 435 810 741 605 405 410 307 317 443 832 4 219 956 968 67 3 975 249 853 294 393 930 32 500 300 318 113 386 458 182 13 267 907 250 526 960 737 903 8 4 888 312 974 659 282 307 62 556 371 765 538 9
90 133
114 40 92 57 2 68 74 8 69 95 59 73 32 107 59 26 52 11 127 82 84 125 53 38 58 90 40 12 27 119 2 2 120 40 56 2 89 1 24 79 2 72 76 125 131 88 63 57 114 109 10 1 55 69 114 117 122 2 1 73 109 58 27 116 26 75 55 119 129 95 28 2 88 119 2 86 11 108 117 95 55 21 106 64 44 65 20 54 133 44
95 925
307 693 601 862 819 828 147 1 710 737 317 362 792 100 670 1 111 469 757 884 226 881 871 73 187 526 465 5 359 6 332 132 867 479 650 3 334 8 783 497 903 652 382 176 655 848 852 127 9 263 1 119 487 390 41 55 145 85 378 114 422 615 247 135 84 720 755 503 314 641 607 699 847 7 739 40 685 822 665 238 485 325 435 825 773 67 128 467 361 256 400 715 174 85 917
93 975
317 469 550 847 175 957 66 672 653 69 442 592 11 67 975 306 303 501 83 197 154 702 879 11 947 696 896 599 582 286 1 146 776 287 836 930 201 232 3 908 692 651 7 347 714 694 781 1 309 322 641 690 684 680 930 851 521 202 689 283 277 487 315 32 949 931 633 565 711 10 7 243 770 521 26 907 322 787 416 926 49 405 972 398 835 72 473 198 1 837 38 554 267
33 209
4 209 35 24 21 20 168 94 209 86 172 42 61 35 131 9 53 119 5 50 3 157 159 113 134 165 161 152 140 18 187 27 3
28 564
421 83 230 531 155 437 3 109 34 10 339 517 499 143 487 533 379 355 2 20 444 257 17 344 144 504 481 273
17 89
5 40 2 44 2 1 88 83 10 9 16 78 65 50 67 51 1
48 522
373 84 171 487 177 132 240 235 439 220 9 335 119 8 360 110 131 11 459 346 88 53 435 93 407 95 346 10 275 439 355 355 212 484 154 52 404 297 273 4 432 245 254 24 288 78 83 5
30 169
133 93 141 5 93 5 146 7 153 70 147 146 162 153 160 121 100 20 3 66 34 46 147 146 51 44 7 36 168 91
92 944
124 587 636 101 304 59 618 623 296 304 936 240 9 417 607 379 2 57 501 191 937 307 599 597 835 791 768 316 72 49 81 1 940 212 799 8 389 163 548 4 161 583 533 5 109 94 301 108 500 635 884 632 803 813 70 525 401 706 333 681 699 140 169 177 802 97 442 91 763 697 393 484 189 564 848 122 262 690 733 579 406 937 2 837 577 754 927 669 609 323 18 716
78 946
432 141 497 701 699 44 923 4 882 441 556 901 780 269 547 400 284 829 77 25 9 325 608 880 267 131 488 923 663 584 211 7 707 371 828 482 624 127 558 642 155 634 382 147 10 391 150 589 12 389 147 674 168 198 154 503 119 832 481 195 881 276 745 174 31 153 358 677 281 10 424 667 635 4 794 263 362 4
75 268
185 4 4 1 42 47 178 195 90 244 9 2 85 96 4 87 9 220 2 246 191 67 183 238 246 2 154 131 31 147 127 238 112 22 160 206 39 177 159 4 11 165 2 112 28 64 239 2 123 267 213 256 21 233 46 122 6 18 70 214 21 188 81 122 225 92 58 4 45 112 120 185 63 3 215
77 230
181 47 99 2 170 82 36 29 45 2 151 26 189 221 64 194 156 121 1 199 210 124 72 18 212 230 5 2 97 170 31 54 2 30 46 104 7 215 30 175 3 198 3 1 2 141 186 221 169 29 228 2 3 2 216 133 97 135 107 93 209 73 87 133 3 2 36 99 15 230 94 9 172 226 15 20 1
63 377
31 57 157 6 77 274 82 117 52 220 295 1 342 338 259 342 113 155 3 157 1 133 371 338 190 43 234 138 5 5 61 4 301 262 240 203 330 77 219 368 227 332 358 135 313 205 127 185 50 229 118 365 3 158 174 38 197 249 160 6 118 258 39
100 970
485 6 513 83 939 321 224 110 124 155 629 10 698 71 747 173 533 417 760 884 10 37 926 499 404 9 771 817 627 816 893 602 459 750 803 737 7 53 303 312 3 53 891 6 9 751 687 755 901 153 472 191 102 962 9 583 447 843 806 862 6 792 793 108 891 809 815 6 172 7 301 690 14 511 9 616 870 331 957 201 756 930 812 588 962 90 795 845 611 418 412 10 706 692 10 657 39 155 346 794
98 515
322 29 185 167 6 333 365 310 2 502 373 187 354 60 323 398 115 6 1 319 399 216 436 5 57 365 349 294 4 161 348 193 272 275 24 469 179 484 463 12 7 146 109 62 118 172 164 187 11 157 30 6 256 136 2 513 311 155 70 402 409 6 325 183 42 377 178 102 151 151 470 119 234 215 163 480 248 501 423 17 478 234 143 126 138 2 14 304 262 77 217 350 455 154 163 422 123 457
81 912
494 724 261 108 128 79 61 34 122 421 298 728 666 301 676 912 451 580 41 175 94 409 474 865 308 273 715 547 758 36 503 1 674 896 703 258 1 165 485 63 268 590 598 835 379 77 346 426 12 46 659 12 735 357 11 796 201 568 747 251 78 317 299 546 402 10 279 503 10 499 379 357 593 52 875 801 345 192 635 874 859
21 400
14 186 209 300 97 132 18 399 199 289 254 142 63 82 19 19 322 124 366 336 200
8 555
317 513 499 22 368 553 83 489
23 339
24 11 170 13 121 3 297 65 32 201 31 281 4 217 71 31 292 3 160 232 294 131 132
77 273
173 1 19 24 67 234 272 136 155 4 267 2 11 226 141 21 95 181 50 267 110 51 259 250 196 28 142 125 212 148 142 248 154 3 4 63 182 7 64 157 234 233 263 207 62 253 224 1 269 235 238 115 228 3 1 169 236 218 17 187 160 18 45 116 47 177 215 48 261 136 247 124 39 151 147 100 267
14 996
302 113 677 469 542 733 123 938 519 6 931 37 13 102
96 229
19 23 122 202 1 50 133 57 65 182 2 209 155 82 1 31 51 207 9 2 225 196 197 208 11 55 83 199 218 83 101 192 57 90 3 32 97 209 182 21 2 207 3 32 108 10 168 35 174 102 89 40 27 220 71 198 80 126 120 73 142 52 122 213 22 55 92 171 46 190 21 43 213 40 10 64 160 121 82 95 225 17 41 1 2 83 13 149 33 2 108 27 90 59 227 165
57 909
58 36 191 456 703 313 891 607 259 2 560 610 127 613 13 213 441 869 92 525 566 15 627 433 466 843 445 4 192 747 10 464 445 487 756 132 13 775 500 485 66 576 849 298 719 6 844 433 341 4 500 760 384 197 620 750 453
48 176
16 71 28 30 32 89 1 1 62 20 115 47 26 155 25 137 38 165 175 1 27 91 38 46 7 58 167 90 153 75 52 107 135 146 23 54 76 74 93 166 57 77 2 89 4 94 69 45
87 968
348 624 949 946 585 1 146 691 912 364 346 762 171 273 341 729 698 530 295 802 743 901 12 617 883 963 767 7 6 162 493 53 302 277 859 773 53 18 347 693 866 585 6 2 918 580 230 880 71 554 613 280 71 794 584 9 2 809 754 190 590 220 917 126 862 323 641 4 395 386 783 664 952 745 960 838 339 167 540 769 294 168 284 630 210 749 749
99 839
133 553 802 198 530 8 64 657 711 152 16 404 546 484 346 623 527 202 561 241 89 93 648 302 314 338 627 673 6 153 788 295 707 832 811 216 559 467 779 540 303 546 426 239 685 5 779 555 710 282 385 256 98 784 7 6 29 804 305 7 6 269 464 122 302 54 1 87 575 504 2 311 381 719 525 132 651 740 657 375 297 754 517 412 765 634 727 774 552 316 628 9 567 678 779 208 1 299 330
13 985
19 969 318 846 542 113 976 263 952 636 302 464 517
36 216
14 139 71 82 140 214 113 124 138 154 201 4 192 53 166 135 120 108 7 5 6 190 34 110 196 120 116 196 73 2 153 180 5 182 88 6
91 468
60 276 315 5 219 365 2 185 284 227 90 112 103 317 4 383 136 258 439 5 265 223 133 458 430 278 42 291 187 380 454 3 67 455 44 247 451 420 71 173 130 395 144 150 262 404 239 266 342 247 45 39 205 205 427 456 39 169 107 276 275 131 162 151 423 28 44 109 147 408 384 155 190 1 367 6 84 18 184 105 209 99 2 389 380 409 411 1 4 467 232
50 731
250 274 713 248 641 430 262 320 610 78 507 297 453 515 282 365 475 420 153 532 471 36 125 376 390 99 707 616 602 284 388 599 613 603 290 626 472 167 203 318 394 516 209 238 69 646 176 184 561 146
97 949
456 868 615 444 141 908 207 627 21 2 820 731 130 872 770 715 10 54 282 390 268 407 690 387 609 154 663 895 546 784 222 744 411 124 825 228 661 109 15 77 528 528 726 198 129 631 941 639 6 505 737 511 214 332 534 234 21 295 397 286 109 584 38 492 23 689 292 314 65 891 502 662 916 9 496 755 773 217 785 887 793 9 310 683 240 123 232 6 695 850 709 657 814 207 394 403 273
95 611
233 77 134 58 61 565 164 486 5 24 372 12 481 589 183 221 22 183 458 163 512 7 550 242 423 162 34 264 532 1 110 392 609 186 158 16 1 347 57 610 142 83 357 77 70 516 571 276 116 481 5 327 481 359 94 587 438 443 348 576 176 469 17 5 155 592 570 590 44 7 401 329 118 6 527 31 420 299 437 260 510 584 424 18 329 151 347 427 431 181 338 1 588 87 299
82 948
378 581 331 854 138 913 85 10 374 406 383 119 667 10 873 434 283 502 560 173 433 2 281 815 310 880 7 316 883 476 430 309 817 4 497 11 41 43 485 778 696 150 786 64 161 12 619 264 815 199 444 475 896 215 43 251 706 932 518 224 534 624 736 147 940 121 138 456 19 786 257 739 418 256 186 300 784 634 847 863 48 470
38 995
27 17 844 7 961 636 230 21 667 883 19 798 417 241 15 46 821 49 482 248 933 645 743 1 9 519 102 41 2 573 366 576 1 98 658 979 832 493
87 909
307 659 313 272 719 79 7 2 362 647 867 387 899 678 295 753 694 272 786 860 1 606 212 649 270 824 551 51 723 553 1 271 718 358 254 657 8 451 472 314 634 1 3 536 8 43 152 900 8 312 437 49 242 801 707 177 518 819 759 797 619 160 346 507 857 145 265 10 68 39 793 368 313 693 364 36 767 719 240 809 195 264 301 881 594 38 187
94 692
596 360 230 371 587 184 7 200 12 564 231 3 139 127 421 276 623 6 262 27 429 530 440 659 139 345 290 186 398 114 555 166 8 549 276 18 633 7 532 635 447 6 337 48 22 200 508 4 120 349 390 461 146 1 199 55 555 384 397 72 116 7 210 94 4 542 685 530 3 531 577 319 393 673 91 88 72 689 335 429 45 290 568 434 103 21 671 141 521 278 376 351 275 307
95 901
8 881 1 577 771 758 34 129 347 633 592 663 713 320 38 258 276 543 255 273 8 289 760 539 408 233 610 424 1 883 447 35 6 248 371 134 737 401 9 619 172 203 335 489 566 830 215 623 71 3 498 321 173 4 100 421 6 240 722 42 116 72 7 2 637 877 543 809 728 639 194 7 461 854 216 10 601 565 53 9 63 540 138 489 3 383 366 535 454 189 9 713 282 575 201
88 187
58 35 175 152 30 183 148 172 180 165 55 184 69 16 9 3 89 167 18 41 90 121 19 85 118 97 169 91 37 83 49 2 111 10 23 1 51 146 154 121 72 1 112 106 90 75 63 2 171 155 54 121 8 140 3 16 3 1 114 145 3 82 109 23 3 164 51 161 82 169 105 171 92 15 32 1 12 70 68 3 50 22 19 46 144 111 87 158
95 434
5 196 242 70 315 331 73 10 168 76 4 236 170 373 158 254 267 167 430 209 252 32 379 205 385 306 400 234 103 91 154 339 330 393 64 207 2 33 302 259 329 395 311 199 127 417 146 262 189 401 3 159 48 2 101 2 267 177 280 234 255 21 357 40 410 211 88 56 92 119 121 170 209 31 128 329 4 224 380 1 309 299 208 52 171 93 394 401 194 52 414 3 50 106 245
95 227
52 27 3 73 176 168 145 201 160 141 36 97 99 3 129 78 151 192 180 155 36 3 136 114 144 65 86 215 98 3 2 2 82 44 139 172 132 120 80 34 51 135 3 24 100 95 166 42 207 54 48 214 45 159 220 10 65 35 199 208 3 30 1 13 127 3 220 81 124 162 158 184 158 129 2 206 87 216 129 2 8 108 143 89 137 59 196 99 185 12 203 135 35 212 124
95 290
197 192 185 257 262 290 1 46 173 2 278 38 122 141 3 202 206 122 218 222 161 58 190 44 120 203 276 228 16 83 285 226 10 176 232 260 18 39 34 42 167 240 117 172 92 280 28 42 46 10 261 165 284 234 82 183 190 151 11 83 75 42 290 23 80 245 251 176 13 147 1 129 79 64 157 46 280 129 259 26 43 149 244 149 201 162 278 202 170 214 131 49 128 3 147
98 183
152 35 109 5 61 28 7 131 115 109 83 158 24 7 116 106 1 138 176 143 102 2 165 18 81 11 6 164 107 97 137 13 118 61 1 86 1 87 8 95 178 126 20 118 77 132 53 70 60 36 1 121 51 60 120 81 1 106 139 102 1 108 80 32 127 178 168 152 16 151 64 35 28 34 33 86 56 59 70 2 71 2 133 63 42 1 55 81 46 172 180 116 105 22 123 101 135 65
93 20
2 13 5 16 20 5 17 9 11 9 16 15 15 11 15 5 1 2 3 1 16 19 8 20 9 5 8 19 3 3 3 9 19 14 1 20 10 5 2 6 10 2 8 14 1 10 3 15 13 17 1 20 4 14 5 16 12 13 5 4 2 16 17 12 1 8 12 10 10 1 8 18 12 9 11 16 11 12 1 10 16 13 10 15 1 14 14 3 8 19 1 10 10
36 480
329 464 459 5 375 128 105 24 133 8 256 334 163 1 115 328 102 354 13 161 194 46 407 257 201 285 395 260 397 57 250 1 400 64 373 351
19 517
270 218 423 413 488 115 262 402 503 343 389 352 511 456 305 226 434 97 307
100 943
7 528 55 680 61 358 59 609 16 67 814 3 146 336 430 586 6 671 811 938 115 429 816 6 7 374 560 625 9 306 553 449 79 171 926 257 91 337 5 604 2 538 430 415 813 578 93 864 38 389 713 118 4 528 936 363 481 740 750 856 792 84 934 26 481 268 301 644 634 233 807 720 178 130 614 807 408 430 670 807 191 875 543 144 206 9 1 623 640 530 4 572 509 404 405 779 472 534 332 830
72 289
146 3 129 213 5 262 276 256 33 274 75 274 238 153 276 5 70 108 208 204 69 5 226 189 213 222 151 241 246 1 160 83 118 214 261 177 90 267 1 109 16 122 37 81 170 73 94 24 249 69 278 108 69 4 264 272 4 234 71 147 88 3 228 156 119 208 7 101 287 212 114 226
95 43
15 25 11 10 42 1 4 29 18 16 1 1 31 38 20 25 7 2 38 11 9 1 21 7 3 34 23 23 8 28 40 19 40 22 5 43 30 29 16 35 38 29 12 29 29 2 2 32 4 23 5 26 11 31 13 37 2 8 41 1 43 34 5 17 16 18 42 17 34 25 36 33 11 3 13 6 41 34 26 23 12 28 24 1 23 9 39 19 4 26 16 13 15 12 23
92 941
439 103 510 615 179 3 437 138 395 92 904 801 5 87 202 58 507 4 224 7 839 591 507 79 915 777 784 473 559 547 692 10 7 856 18 421 128 7 112 589 130 391 853 366 644 191 369 279 5 776 15 350 5 24 708 44 460 268 18 876 671 539 671 892 73 898 832 410 802 163 134 107 437 751 6 514 5 518 4 43 7 214 634 449 190 287 517 733 9 7 933 7
47 987
288 677 15 601 954 367 17 535 9 119 38 636 12 453 6 278 467 672 444 161 241 1 396 97 945 557 429 890 6 898 310 107 22 346 844 979 112 511 828 957 235 713 899 973 465 580 676
92 961
576 187 498 619 347 676 211 321 4 598 908 871 285 9 238 472 784 498 360 700 411 9 96 555 180 8 508 470 617 558 70 818 439 419 797 107 762 932 130 552 128 431 243 798 395 749 459 325 73 740 502 7 3 694 356 394 595 74 136 605 307 319 853 291 938 199 939 287 891 643 8 835 788 119 841 610 729 6 806 834 287 375 956 841 720 174 138 947 10 5 214 137
30 895
450 777 760 895 696 50 611 566 443 633 614 817 367 714 119 864 269 548 283 705 434 289 605 779 97 380 802 142 443 609
21 189
2 8 19 81 127 129 171 25 5 105 4 145 186 86 6 48 12 183 90 44 151
95 950
587 749 350 740 885 716 88 893 267 726 792 72 1 5 768 2 676 693 9 549 714 252 117 119 587 824 724 116 529 720 2 511 941 163 895 419 155 617 848 154 579 1 825 940 85 836 763 336 488 926 721 861 67 498 60 13 885 10 816 131 11 495 817 423 427 1 2 386 502 3 65 141 738 532 5 239 650 901 96 772 76 8 316 774 86 56 95 217 152 93 922 896 202 678 491
96 958
110 192 92 399 691 9 762 125 500 503 4 29 144 834 553 817 133 49 9 901 121 187 841 380 204 227 296 181 526 549 707 502 83 229 231 456 2 171 454 139 249 476 414 320 3 264 365 4 484 727 799 461 889 852 559 64 46 32 769 602 497 6 1 697 900 203 575 872 432 549 806 879 47 672 355 264 627 957 535 503 9 519 910 9 4 721 353 350 209 645 477 925 811 462 731 809
91 949
438 745 709 663 457 303 17 459 154 321 8 524 77 64 858 116 786 10 595 4 770 287 407 808 589 35 862 137 129 270 167 271 233 915 11 139 659 187 737 121 578 384 215 20 668 177 60 746 920 137 84 512 916 356 894 877 873 127 678 400 543 601 901 163 6 746 641 555 267 346 99 947 465 265 9 86 245 577 410 423 2 314 693 304 2 733 717 7 9 919 270
15 686
534 43 375 83 12 304 607 28 200 413 147 525 69 238 423
17 976
409 564 317 188 602 42 45 605 399 41 285 631 41 11 971 698 728
65 805
114 429 347 518 487 8 195 732 144 565 382 68 309 753 805 687 140 472 554 320 310 279 454 577 37 103 568 75 224 385 322 604 194 168 360 68 455 174 734 4 562 9 713 596 262 622 539 421 519 271 621 733 245 477 13 780 350 518 507 411 505 616 477 552 413
56 955
532 15 814 871 230 141 116 260 349 868 364 762 250 778 201 556 77 302 304 691 499 947 817 52 11 737 848 435 23 6 534 907 925 150 120 86 692 12 835 398 522 6 791 503 211 9 801 793 205 924 674 389 834 372 771 485
41 357
253 196 331 283 46 127 214 199 302 76 290 152 235 353 296 7 132 243 4 9 49 189 245 345 350 206 115 116 250 307 245 265 1 302 226 18 254 29 95 305 62
43 273
198 8 248 250 50 270 185 178 110 247 267 95 87 270 7 140 43 66 136 95 227 74 231 267 166 108 237 80 90 264 11 5 26 6 164 230 237 191 52 17 5 82 87
100 908
727 8 362 110 389 635 839 538 429 722 238 5 5 8 748 687 249 477 679 773 56 813 784 848 11 344 214 431 732 270 6 339 320 407 872 583 1 408 485 651 476 192 320 814 841 750 268 743 87 848 5 203 201 372 568 4 309 401 453 8 687 432 783 37 481 343 597 872 376 4 527 22 403 197 568 53 682 147 776 514 755 878 287 451 271 89 568 439 10 492 730 3 460 346 307 476 459 153 423 873
99 601
5 435 211 57 294 291 134 489 75 275 216 419 410 561 87 545 437 286 241 282 298 583 178 346 471 551 297 81 347 381 129 560 142 167 556 347 396 55 96 551 54 564 405 394 244 555 270 412 387 5 391 4 18 399 194 219 245 397 362 417 217 69 3 489 332 391 24 464 167 357 338 177 445 323 53 64 354 501 531 573 17 272 234 419 145 347 29 112 6 95 494 37 590 72 90 51 3 396 2
85 711
230 1 546 606 696 612 1 611 363 474 695 308 238 71 52 199 478 588 546 232 277 234 118 215 460 690 2 316 548 378 445 96 708 336 302 428 269 8 336 380 412 5 222 633 1 528 3 86 144 51 65 2 131 294 399 277 115 375 499 273 77 102 296 539 318 74 4 66 702 397 641 325 358 249 355 287 297 355 160 408 411 35 257 459 3
8 608
400 308 278 56 221 18 305 507
74 930
250 398 676 812 6 678 43 309 406 500 580 314 918 13 565 310 716 803 893 584 666 172 96 119 6 568 581 655 643 897 579 5 575 46 532 4 422 863 473 870 529 904 40 418 75 764 775 319 831 783 3 873 130 394 575 203 753 72 554 756 142 266 242 522 76 338 825 760 924 424 3 159 227 5
98 661
2 127 308 398 3 181 600 100 386 369 95 4 294 644 261 460 466 580 307 628 243 337 262 227 336 76 446 144 538 173 304 574 55 457 324 6 591 373 544 358 463 375 92 193 5 236 31 16 1 243 329 309 572 18 452 166 596 633 258 237 469 248 275 258 4 265 321 568 311 45 447 448 2 364 97 224 49 218 456 298 483 417 21 660 360 191 286 1 303 412 315 169 384 426 451 585 366 67
95 325
148 1 273 18 249 57 239 69 107 302 262 178 270 107 22 246 1 118 320 287 275 102 80 2 310 321 156 2 258 49 315 216 55 39 188 147 1 247 115 223 46 45 295 76 231 62 11 253 143 74 286 63 208 53 1 122 266 155 263 260 241 218 183 318 313 124 74 272 266 305 298 88 13 8 135 70 230 143 281 302 2 35 147 57 214 177 230 65 87 99 20 286 144 29 263
