100
3 8
5 6 9 4 8 2 1 7
3 1
2
3 10
2 4 8 16 32 64 100 100 100 100
3 10
1 4 4 4 4 4 4 4 4 4
100 1
100
3 5
11 20 60 22 100
2 10
100 100 100 100 100 100 100 100 100 100
3 5
100 100 100 100 100
3 4
1 6 12 49
2 6
9 64 19 16 81 80
1 10
100 100 100 100 100 100 100 100 100 100
1 10
1 1 1 1 1 1 1 1 1 1
3 1
12
1 5
31 78 2 30 52
9 1
1
15 4
4 7 19 76
8 1
21
15 4
83 37 55 34
9 1
2
4 8
46 59 69 1 35 9 54 51
5 1
2
20 8
30 52 95 39 1 1 81 80
20 4
22 31 7 52
1 6
94 20 85 82 54 98
5 6
26 66 27 92 27 24
3 1
32
23 6
7 9 12 4 5 1
4 6
12 8 1 53 22 7
1 2
32 12
11 8
37 15 37 4 31 45 19 46
18 4
35 64 66 1
2 2
10 1
2 7
52 27 19 19 24 18 92
5 1
37
1 8
60 4 28 59 32 32 74 11
1 3
63 6 43
12 5
23 1 20 52 2
2 1
23
12 5
3 67 86 8 92
12 6
90 79 32 42 16 3
12 1
28
16 1
5
24 5
65 35 26 62 35
6 6
1 45 4 35 30 11
24 9
38 69 69 10 9 98 1 31 8
1 8
13 32 7 1 22 68 1 11
19 6
18 47 1 69 56 2
9 8
12 5 4 49 1 5 54 6
10 4
53 16 17 2
19 4
40 11 75 30
1 4
59 42 85 30
5 4
12 33 2 39
2 1
1
14 7
3 47 44 53 47 31 72
1 7
40 3 4 50 37 92 26
17 4
4 93 9 74
15 6
30 80 83 16 55 50
6 9
8 4 34 11 8 76 27 72 2
13 7
21 90 73 2 34 43 43
24 1
72
11 4
44 54 15 1
11 7
13 54 39 22 2 63 3
1 5
43 68 93 39 1
1 5
13 34 60 73 2
11 4
1 6 1 12
2 4
2 24 2 14
1 3
71 38 9
1 4
4 86 1 3
4 2
57 1
7 2
7 18
1 4
82 92 82 54
6 4
53 23 99 3
1 1
19
17 2
25 13
3 4
54 77 1 7
10 7
44 26 1 52 7 69 46
8 9
65 31 54 9 22 82 85 34 4
1 1
1
19 9
74 2 61 3 12 85 91 1 81
3 2
5 27
20 7
5 20 14 49 65 35 8
6 6
22 1 28 40 41 14
25 2
20 25
8 6
74 26 49 98 60 69
3 5
22 36 42 34 6
4 3
76 67 61
20 4
9 10 2 4
16 9
1 6 81 51 51 42 23 59 90
1 9
63 21 8 30 4 37 5 8 1
5 8
91 1 54 96 60 42 27 59
7 5
43 82 59 79 40
1 1
2
15 4
74 29 20 1
20 1
75
7 5
5 39 26 5 83
11 8
65 5 2 16 13 16 5 60
6 8
5 52 41 44 7 1 17 40
1 2
26 14
7 8
70 2 67 29 11 8 1 77
10 2
46 91
