100
402752 0 898
3 0 0
3 2 0
999671 0 7300
449297 198 402
681851 59 965
883484 10000 9074
125167 3042 0
50867 2744 0
115985 8146 7998
452172 563 387
399181 -875 19
778451 -93 805
136745 80 0
822544 8786 0
96233 188 2
578250 4100 0
244649 0 700
318004 -798 0
945930 10 1328
399172 -894 0
313235 0 792
3837 -68 20
559893 6789 6709
416871 9016 3488
445708 -10000 10000
344397 4330 0
509942 1010 0
990928 -1408 0
678748 477 687
14321 55 113
716475 -926 270
701875 -1184 0
335740 57 1867
19 -3 3
1000000 450 0
287834 -622 0
784439 1252 0
10 -3 1
12089 0 156
410038 320 586
740899 814 402
197096 -628 0
528440 8754 2034
271954 -738 0
47318 -186 122
551748 -10000 9606
997927 0 9858
124903 0 440
473777 -674 298
404708 -780 0
35643 159 107
337282 22 0
572093 1070 0
994581 184 0
756248 1230 0
343937 1538 2788
261725 0 724
899661 425 915
13086 6 130
49140 0 314
990864 6187 1391
9 0 0
8 3 1
1 0 0
4185 0 92
16 -5 1
18 6 0
536129 0 1036
1000000 1414 0
996873 644 104
992859 494 0
268503 -4926 0
305535 -376 0
364232 854 0
1000000 1414 0
10 2 2
991268 5886 3874
591260 866 220
839942 -5968 0
25696 10000 10000
992814 -4856 0
357904 198 648
654292 1144 0
549329 -1008 0
266086 -730 0
1 1 1
576200 0 1074
733982 1022 190
19 -4 2
317041 -132 664
162222 506 64
945 0 44
512568 8052 10000
395469 288 278
80128 45 355
1000000 3594 0
20 -4 2
897304 -483 857
998864 0 280
