100
12 0 4
1 6 0
12 8455 2975
10 -1 3
5 0 4
3 1 1
2 0 0
19 3 3
4 -1 1
15 1 1
12 7864 0
13 -2674 0
8 7071 251
13 0 2
2 5812 746
16 0 0
9 0 0
2 2150 0
11 -4 0
5 1056 9778
19 -2 4
13 -1 3
20 1170 3586
10 4 0
2 -2 0
1 0 2
10 -1 1
11 2 0
1 0 2
14 0 5980
17 -1 1
18 1 3
11 2 2
4 0 2
20 0 0
10 -3 1
9 6891 3807
12 1 3
1 0 2
15 2 0
15 7238 0
3 4860 0
20 -4 0
4 0 3566
5 -1 1
2 0 2
6 7156 1694
19 -6 0
3 -2 0
6 3 1
16 0 0
2 2 0
10 4 0
2 0 2
19 0 4
18 -1 3
14 0 2
20 0 0
3 1186 5300
5 2 0
15 0 4
11 1 1
19 2 0
1 0 0
7 0 0
6 -4 0
16 -1 1
2 0 0
10 -2 2
6 -2 0
11 0 6788
6 -4 0
11 0 0
16 0 0
11 510 0
10 2 0
20 -5 1
9 0 0
18 6 0
6 0 2
8 -4 0
14 -1 3
6 3 1
10 -4 0
20 -3 3
5 0 4
9 3766 0
17 0 4
12 0 2
5 -2 0
19 1 1
6 4 0
12 2 2
14 0 4
3 -2 0
19 0 8188
17 -5 1
6 -2 2
5 0 2
12 -3 1
