3 -2 0
11 4 0
3 -1 1
20 0 4
19 -1 1
10 4 0
1 0 0
6 -1 1
12 3 1
6 -3838 0
16 2262 0
11 -2 0
19 2 0
1 1 1
5 0 4
9 2 0
5 0 2
10 -8708 0
12 0 0
13 -1 3
5 9838 0
18 6 0
20 4 2
8 8187 117
8 3 1
3 2 0
5 -2 0
5 -2 0
15 1 3
10 -1 3
8 -3 1
17 0 2
12 -210 0
20 873 1411
19 -6 0
16 0 4
6 2 2
3 -1 1
5 0 2
18 4 2
16 6 0
17 -6 0
4 -1 1
16 0 8878
18 -1 3
13 5850 9600
14 -4 0
20 -2 4
18 4278 0
14 -2 2
2 0 8074
4 8041 5189
16 -2 0
18 0 4
14 -1 1
20 -1 1
6 -6154 0
2 -2 0
15 -1 3
13 -2 2
6 4 0
3 2352 940
12 4593 3953
11 4 0
12 0 0
11 4124 8096
7 1 3
7 -4 0
9 -2 2
13 2 2
10 -2 0
13 -2 2
5 -2 0
1 0 2
18 -2 0
14 4862 8490
13 -4 0
1 2 0
17 6 0
9 3 1
10 -4 0
19 -4 0
6 0 2
20 -6 0
20 -8020 0
5 -4 0
13 0 4
6 4 0
5 -1 1
14 -5986 0
13 0 2
7 5399 5335
5 0 2
20 -1 1
12 -1 3
1 0 2
17 -2 0
5 0 4
17 3029 5931
2 0 2
