1000
6 5 8 6 5 8 2 9 6 1 0 8 4 8 7 9 0 5 0 2 4 9 5 3 3 3 8 2 7 6 7 3 3 7 1 9 5 6 0 3 7 0 2 4 0 1 3 1 8 5 5 3 4 2 6 9 6 6 2 5 2 1 8 7 8 2 8 5 0 9 1 7 1 5 3 2 6 7 3 7 2 0 0 9 3 8 0 9 4 4 4 8 5 4 5 5 8 4 3 8 5 4 8 6 9 1 8 7 0 3 4 5 4 4 6 7 4 6 8 8 1 2 8 8 8 4 6 9 0 9 7 7 5 7 3 4 1 4 1 1 7 8 8 3 2 4 0 7 3 0 7 6 4 6 6 3 2 2 2 4 3 1 1 8 9 6 4 0 0 8 3 0 6 2 3 8 8 6 7 1 6 7 9 1 5 6 6 7 8 0 1 2 1 4 2 2 0 7 4 3 5 8 3 1 2 8 1 2 6 1 6 3 8 5 6 3 1 4 2 2 4 5 4 5 9 6 8 1 5 4 4 0 2 9 1 6 8 5 9 4 6 5 9 4 0 7 9 4 1 3 6 5 8 2 3 9 8 3 0 6 7 5 6 2 4 0 8 4 5 9 1 1 6 2 7 9 0 8 3 1 1 9 9 9 1 2 8 1 5 0 7 2 5 6 4 2 6 5 6 1 6 9 2 3 2 1 2 2 9 5 5 0 6 6 1 9 8 1 2 5 1 2 0 9 8 6 1 4 1 9 7 0 9 1 3 1 2 5 3 3 2 0 3 8 7 6 9 7 7 1 5 0 5 5 9 3 1 2 9 5 2 8 5 1 9 0 4 3 5 9 6 9 9 1 9 8 7 8 8 6 1 3 9 7 8 8 2 1 3 4 8 5 2 5 8 4 5 2 7 2 1 4 1 2 5 0 1 5 8 1 1 2 4 2 9 2 1 3 5 4 7 4 1 2 9 9 6 7 3 3 9 6 9 1 8 7 1 1 2 2 2 5 4 6 8 5 0 1 0 6 7 0 2 8 2 3 9 8 0 4 3 0 0 5 3 8 4 4 0 6 8 4 3 2 1 3 9 3 6 2 9 3 2 3 3 4 7 4 4 9 8 9 9 8 4 2 7 0 9 9 8 7 3 2 2 6 7 3 0 4 5 1 9 7 5 5 3 4 9 7 3 8 7 5 8 3 9 7 4 0 6 2 8 2 6 2 0 6 7 0 2 3 4 1 2 9 6 6 5 8 5 8 8 2 5 6 8 5 4 4 5 2 8 5 4 7 9 5 3 7 7 7 2 1 0 6 2 7 4 9 7 0 0 5 4 5 1 2 2 7 8 8 0 9 5 6 6 7 3 1 6 1 8 8 4 8 6 9 7 1 8 6 1 8 1 5 6 5 0 8 4 0 8 4 9 4 3 7 3 6 8 9 9 8 9 6 9 5 7 8 6 5 5 9 6 8 7 2 5 9 2 0 9 1 6 1 7 1 8 0 8 9 9 9 9 0 7 8 5 4 9 4 2 6 3 0 4 2 4 2 1 6 2 1 7 0 4 6 2 2 8 2 1 9 1 1 9 1 1 5 5 0 9 7 8 4 9 3 7 3 7 0 0 9 3 9 1 7 6 3 0 6 5 3 6 9 4 5 0 8 2 7 0 3 7 9 0 6 2 9 0 9 9 0 0 3 1 1 0 9 7 2 6 4 6 2 5 2 9 7 2 2 5 3 7 4 2 7 0 6 6 0 5 6 2 7 1 4 0 3 3 9 6 1 4 4 3 9 8 5 9 1 9 4 4 6 8 6 4 0 2 2 3 9 8 7 8 1 1 0 5 7 0 3 0 4 7 6 5 7 1 4 0 0 0 4 8 0 2 4 1 6 7 6 7 7 3 5 9 7 6 6 6 6 9 6 2 8 2 9 5 5 6 8 7 8 2 6 9 7 0 2 3 9 8 3 9 1 8 8 0 6 6 6 4 5 3 8 5 5 8 0 3 6 8 0 4 3 6 5 2 9 9 5 0 9 8 9 3 9 9 3 7 5 0 2 2 3 0 7 0 0 0 3 8 0 4 3 3 2 0 5 1 0 3 2 9 3 3 2 4 3 6 2 8 8 6 1 1 8 0 3 9 0 9 9 1 5 4 6 7 5 2 1 7 7 5 8 2 8 1 7 1 9 1 2 7 7 5 0 7 5 5 8 6 4 8 9 1 2 5 9 7 7 0 6 6 5 5 1 5 6 0 7 7 1 1 6 0 8
8 7 3 3 6 1 0 6 0 1 8 6 2 8 5 2 4 4 9 9 5 5 7 5 4 4 8 7 2 0 5 0 9 0 6 7 4 8 3 6 1 2 2 4 0 0 8 4 6 0 4 3 7 3 8 1 0 8 0 2 8 5 5 9 7 3 7 1 3 0 8 4 2 2 8 4 4 9 9 0 9 5 5 6 8 3 9 0 3 9 3 3 6 0 3 3 5 0 7 8 2 7 2 5 9 3 9 6 2 0 8 1 7 4 9 8 9 8 8 3 7 3 8 3 5 1 8 0 3 5 8 6 2 1 3 4 6 2 0 8 5 0 1 2 4 0 0 4 8 1 9 7 4 7 2 0 1 0 0 4 8 9 2 2 2 5 8 8 0 0 8 5 1 9 9 7 1 0 1 1 1 2 8 7 2 2 7 3 2 0 9 2 1 2 7 3 9 5 3 9 6 3 4 9 4 4 6 5 6 0 6 9 2 6 6 4 8 6 9 2 6 9 5 7 3 4 2 2 9 7 2 7 0 8 6 4 4 3 1 2 5 7 1 7 5 0 4 3 6 3 5 4 2 2 1 5 6 5 8 8 2 2 7 4 0 4 8 7 9 1 9 4 8 3 3 5 3 7 8 1 1 5 5 3 8 8 1 6 3 1 6 5 5 4 1 5 0 9 4 1 0 4 5 0 7 0 5 2 8 5 3 9 0 0 4 0 8 7 9 3 8 5 0 3 1 1 1 1 0 5 2 2 1 9 4 8 0 1 2 8 6 5 9 6 7 3 9 5 1 8 8 1 3 8 7 5 9 8 8 1 5 1 5 7 0 9 7 2 0 0 0 8 7 9 7 5 5 6 2 8 4 3 9 9 3 6 6 5 6 5 6 2 8 2 1 0 3 0 3 6 2 5 4 0 7 1 7 4 9 1 2 5 4 1 5 8 0 3 3 6 0 1 0 0 5 3 1 1 4 6 7 6 3 3 8 0 7 5 4 6 9 8 2 3 0 9 3 2 4 8 0 5 2 1 7 7 4 8 8 0 6 7 7 0 1 5 2 0 3 7 6 2 7 0 7 9 1 3 1 8 3 2 5 5 5 2 5 1 3 5 2 9 3 1 9 6 6 2 6 1 1 4 3 8 7 3 8 0 8 1 8 1 5 5 7 0 8 2 4 1 7 8 0 2 9 2 8 5 6 6 7 9 3 2 9 2 7 9 4 5 1 5 7 8 0 6 1 8 8 5 9 7 3 2 0 2 6 0 9 4 9 8 3 4 3 4 8 0 4 2 6 7 7 5 5 8 1 8 8 1 3 0 8 8 2 0 0 0 3 2 4 4 0 9 8 3 3 6 4 9 0 2 8 8 7 4 8 0 2 6 1 8 6 9 6 0 2 9 0 5 1 6 9 3 7 9 7 3 7 3 2 7 5 1 7 4 7 7 4 1 6 5 9 2 6 8 5 0 9 7 5 0 6 6 5 3 7 2 6 4 7 9 4 4 2 3 8 9 3 4 2 9 1 2 3 0 2 8 0 1 6 8 3 2 6 8 7 4 3 4 0 0 5 6 7 7 2 7 8 7 2 0 6 5 4 9 5 6 0 8 9 6 8 4 0 4 3 7 0 8 3 3 0 8 1 7 5 3 5 5 0 9 6 8 4 2 0 2 9 0 2 0 8 0 5 8 4 0 7 7 8 1 0 0 9 1 8 7 7 5 2 7 4 0 8 0 3 8 4 4 8 6 6 6 6 1 6 3 3 3 0 3 6 0 4 8 3 2 5 0 7 9 8 3 2 8 3 5 6 8 1 4 6 7 2 3 1 8 8 4 3 8 8 0 0 4 8 3 6 5 4 5 6 4 8 8 2 3 5 0 1 8 4 8 6 6 3 9 6 3 5 9 1 3 1 3 9 1 8 5 6 4 2 5 0 0 5 2 4 3 2 7 1 8 7 9 6 2 8 2 5 4 2 8 9 5 1 9 7 2 6 5 6 9 0 7 1 8 1 7 1 6 5 2 4 2 4 1 5 2 5 2 8 7 1 0 5 2 1 2 4 9 7 3 8 0 0 2 8 1 9 9 9 4 3 4 9 7 7 6 2 2 8 2 2 9 4 7 4 5 1 0 5 8 5 5 0 5 7 0 9 9 1 8 5 5 4 4 4 1 2 8 6 3 1 8 4 5 7 0 3 8 3 0 8 8 5 9 4 5 1 5 4 3 5 9 8 2 6 4 3 0 3 1 3 6 9 0 3 6
1000
1 967 506 3
547 716 962 974
499 757 169 527
96 606 990 280
117 121 982 512
559 666 105 740
90 641 816 601
680 701 39 701
547 999 56 896
19 262 870 369
392 869 896 963
349 888 596 465
8 931 329 24
435 841 116 282
76 933 883 127
275 965 828 962
173 238 210 433
82 256 802 476
52 825 791 173
388 939 990 297
320 671 674 510
107 791 144 533
380 724 660 39
490 655 353 826
564 727 612 333
767 997 161 821
818 954 346 107
337 693 757 362
8 432 225 113
222 370 646 296
102 308 335 755
41 149 933 226
898 957 911 952
74 665 125 833
27 824 293 718
51 160 433 519
482 659 632 54
380 632 351 480
39 291 587 790
432 522 16 387
419 928 339 434
353 818 620 378
641 914 449 800
883 964 671 796
541 656 850 271
287 554 752 928
593 692 718 23
87 213 410 983
15 102 769 718
390 919 97 559
303 547 711 617
383 429 413 320
390 617 943 676
48 170 956 113
676 740 136 951
762 899 286 127
57 353 846 622
296 798 181 452
194 245 421 973
188 979 645 368
589 804 396 324
637 705 438 375
380 927 678 493
318 826 972 529
171 726 151 522
686 818 326 10
749 930 983 260
629 936 980 90
377 570 414 205
81 853 580 812
611 780 657 956
928 982 837 652
505 989 175 321
502 674 684 955
20 602 215 536
548 649 626 217
42 276 774 707
246 707 519 376
317 529 332 244
522 863 248 366
511 776 39 535
76 278 490 230
58 96 767 95
605 746 312 879
139 439 587 736
145 459 112 460
340 798 56 201
306 319 919 828
81 311 364 709
207 387 292 833
60 617 928 220
157 593 452 647
31 392 383 174
202 496 986 540
396 645 93 963
53 365 143 484
28 860 546 765
67 839 598 34
250 527 606 405
59 119 52 148
788 802 674 3
13 284 895 927
342 760 242 811
58 387 296 84
246 843 201 663
681 800 697 929
326 657 686 795
92 715 295 868
322 879 223 513
119 335 793 93
36 812 905 869
554 774 305 371
508 748 34 427
85 307 708 984
395 741 779 806
428 838 26 716
250 749 229 82
23 369 528 179
411 786 400 183
339 707 554 437
214 942 864 871
378 925 855 469
671 988 627 508
415 655 576 162
806 904 597 623
126 181 155 942
263 556 125 600
33 614 37 178
254 326 50 702
530 906 523 199
151 245 707 658
157 284 173 412
442 771 387 973
248 543 915 509
393 451 461 63
425 851 242 749
104 645 803 632
679 902 183 146
244 830 804 337
330 879 749 319
100 138 644 346
32 912 855 833
305 317 249 80
519 844 182 621
488 986 605 388
142 665 534 845
385 692 534 262
21 637 934 472
126 931 170 156
27 843 990 146
240 695 226 213
83 761 186 921
145 747 309 762
197 286 959 21
846 888 635 259
482 922 731 606
853 903 115 694
106 281 192 326
697 771 891 130
79 532 51 629
361 575 743 211
557 703 232 795
868 900 55 381
139 790 987 641
393 455 687 24
560 880 351 607
2 595 737 532
25 789 161 598
502 905 809 57
394 959 205 858
261 262 591 402
751 931 395 495
83 386 519 944
223 314 904 666
642 818 199 841
713 783 440 283
602 618 692 927
898 996 785 256
377 510 10 260
308 406 755 692
627 840 988 504
850 893 170 666
722 887 507 668
300 435 951 403
644 902 330 896
469 542 504 50
197 867 662 503
272 770 547 462
397 889 966 245
133 489 263 370
211 771 38 644
342 423 47 323
730 986 571 878
198 428 280 394
294 296 249 916
65 150 378 460
390 697 57 521
321 537 892 746
283 444 742 865
142 625 540 961
464 872 191 420
243 472 814 887
119 417 803 183
534 566 995 954
406 582 827 117
72 726 216 168
311 707 385 330
278 453 643 675
741 835 95 982
263 658 221 776
25 679 311 595
659 910 901 842
64 729 960 789
153 529 309 858
48 839 540 642
184 325 317 65
18 766 399 26
380 622 802 409
466 998 4 259
125 906 101 187
414 986 976 489
639 942 699 132
240 686 774 9
445 775 426 143
179 210 170 940
152 325 349 148
706 791 759 914
611 862 453 947
275 431 789 568
421 489 700 457
81 827 466 854
246 271 998 831
169 424 771 574
121 493 74 634
826 835 548 787
3 48 87 673
229 785 241 556
294 717 13 796
121 832 3 390
2 429 574 851
346 522 777 13
205 819 0 995
39 901 783 85
223 255 110 38
353 451 946 518
312 998 667 117
144 671 860 571
24 787 775 544
132 553 909 949
109 910 945 146
81 811 583 64
655 695 455 104
399 402 622 395
642 714 865 208
78 312 779 334
864 907 878 346
789 812 296 919
50 594 418 859
26 354 924 679
48 732 135 797
110 485 545 549
411 752 757 62
840 890 749 702
796 980 400 606
49 120 526 169
642 945 28 18
305 650 49 697
185 388 846 872
295 392 421 397
154 180 811 344
421 561 398 215
800 893 174 11
701 848 180 841
562 997 859 645
218 910 694 605
446 894 829 91
251 637 488 790
301 782 486 201
213 886 417 104
685 944 116 883
644 649 724 991
210 937 988 427
36 198 384 642
214 929 734 564
575 816 706 597
194 875 798 439
431 568 543 114
12 511 349 505
75 661 848 869
11 190 648 207
225 385 849 504
598 936 420 413
480 511 362 736
25 161 175 454
81 720 920 942
270 731 800 390
649 696 612 705
190 613 264 765
115 998 269 946
43 402 711 263
74 522 0 897
176 587 351 18
247 624 960 329
761 893 719 588
684 762 645 302
649 911 68 645
338 377 943 777
656 732 41 252
394 729 149 666
569 853 684 167
476 646 496 720
568 758 660 870
252 306 173 251
242 568 896 943
192 931 73 662
467 847 914 927
417 860 593 779
621 631 946 448
276 443 168 384
181 363 255 965
486 781 216 405
22 465 348 951
656 774 965 502
233 240 781 450
649 727 230 620
357 529 68 983
237 324 368 685
417 976 650 254
756 867 11 128
331 360 431 985
398 486 839 724
630 973 527 629
700 758 249 407
638 671 391 960
112 259 997 27
439 648 281 545
293 866 673 547
4 457 885 488
77 206 565 834
50 93 815 100
202 418 859 190
88 251 151 345
501 714 372 151
6 501 696 365
650 722 913 5
151 179 845 383
227 763 570 275
207 738 727 759
507 588 950 593
190 454 291 903
16 954 406 453
374 456 171 374
177 437 379 706
578 587 442 812
340 365 88 898
454 816 657 960
608 755 553 944
61 197 847 14
565 606 819 937
61 991 311 237
44 427 295 12
90 973 825 663
266 806 561 259
220 433 219 187
125 827 131 239
322 331 253 885
425 936 174 996
416 838 585 841
233 881 854 204
32 323 868 127
297 430 386 728
1 958 267 179
83 751 418 403
24 81 640 16
448 815 364 862
4 302 56 236
263 534 440 855
294 309 335 941
74 91 21 90
32 290 269 113
40 40 868 472
63 509 840 862
205 675 76 677
133 506 913 390
707 747 598 39
15 934 332 456
355 359 547 741
169 996 854 386
209 723 858 622
51 583 484 608
255 562 638 111
46 552 502 792
101 610 183 976
386 517 432 95
223 332 837 217
501 692 955 60
767 815 34 700
217 520 309 471
433 948 934 477
789 851 269 812
241 454 788 977
221 322 73 543
553 911 760 404
716 954 816 719
851 882 772 98
370 434 921 801
208 381 631 582
349 901 394 588
183 706 566 26
640 756 569 307
682 902 63 854
750 880 926 982
699 730 432 451
132 706 604 863
236 914 797 261
193 489 201 193
727 768 572 481
494 759 140 659
204 528 514 276
83 441 258 812
44 491 615 621
220 749 484 661
282 456 274 943
477 826 488 904
244 413 385 354
879 907 13 433
82 880 61 516
320 672 680 809
296 715 782 463
515 619 476 969
253 752 264 77
106 580 981 174
518 720 528 775
598 895 560 30
622 774 546 445
579 646 606 359
390 874 174 740
4 360 61 611
327 755 689 685
23 784 859 652
94 741 428 690
341 635 73 407
315 972 204 959
551 812 670 775
553 846 515 911
201 578 875 306
565 904 991 38
851 939 690 32
119 943 74 576
500 812 336 125
472 541 84 21
107 704 148 255
304 665 519 503
242 395 809 496
311 801 534 248
4 225 632 945
60 696 522 506
211 559 983 381
420 751 754 454
526 904 61 829
568 581 684 160
327 495 656 636
543 647 237 649
222 767 947 813
633 822 671 191
32 655 924 133
74 680 587 599
2 935 780 501
465 934 661 260
311 670 896 957
212 486 606 329
708 906 143 339
727 815 882 109
160 470 243 894
183 839 493 772
184 626 625 117
443 639 377 752
308 626 709 518
464 669 847 170
574 991 861 652
97 158 761 626
256 357 520 93
367 540 217 74
344 843 543 785
273 481 538 139
248 899 657 361
857 916 883 841
97 200 493 356
193 607 334 447
207 964 892 854
462 925 928 268
473 656 53 487
592 745 626 994
192 636 707 106
493 943 947 43
40 793 399 583
86 400 383 714
276 292 568 216
90 497 484 96
321 538 584 417
482 563 411 672
472 551 130 394
79 414 437 452
223 837 388 621
772 922 335 564
256 399 780 487
105 617 584 424
507 521 193 987
83 958 11 984
142 429 378 193
572 816 998 794
4 387 767 276
158 456 841 555
711 974 395 814
591 980 591 96
785 852 435 285
447 742 270 521
649 940 715 511
465 714 657 819
452 777 96 608
232 938 163 942
263 559 108 852
700 890 300 740
736 837 378 929
534 649 803 825
297 519 336 112
346 584 284 34
122 381 642 705
158 670 647 931
69 108 136 957
437 808 50 995
429 525 924 57
429 728 234 76
571 598 541 532
268 826 918 741
206 913 446 226
71 446 157 138
553 646 447 711
83 850 706 958
630 984 15 57
63 251 486 12
28 173 544 792
464 853 533 409
332 376 635 797
145 777 287 680
88 143 392 224
451 937 182 918
434 550 327 848
152 814 860 676
193 405 820 396
220 706 805 595
37 793 392 164
33 290 844 431
120 237 7 55
40 542 325 472
91 654 320 594
533 819 622 11
443 938 407 156
148 214 103 535
358 849 699 998
544 881 429 999
133 437 406 171
733 978 995 420
669 738 366 555
201 989 566 489
327 431 998 929
102 892 464 248
302 516 247 181
29 411 532 542
466 940 65 794
24 62 566 112
730 933 667 281
587 921 771 702
122 913 983 803
575 800 51 876
315 651 409 725
680 943 267 496
234 686 642 608
210 747 720 827
142 388 460 414
326 584 468 237
453 705 40 279
252 445 155 918
95 917 643 125
263 859 621 443
617 948 51 45
124 826 872 318
686 864 84 188
269 554 426 973
6 467 604 608
112 263 526 709
28 170 834 238
785 809 681 731
86 425 777 601
2 209 919 71
5 687 260 307
39 558 280 914
237 857 522 119
348 402 828 726
15 923 964 706
647 823 790 598
84 568 199 291
120 921 715 959
328 476 266 32
366 899 298 221
135 173 692 833
521 574 559 848
525 536 554 709
345 523 308 605
264 508 248 536
316 979 495 453
114 643 837 7
12 136 581 497
274 309 330 233
147 890 81 33
766 989 742 639
333 403 596 948
846 911 484 240
161 332 694 155
445 532 514 807
96 668 304 327
635 722 912 219
347 876 604 993
335 347 632 18
102 230 318 363
155 427 603 938
298 486 93 281
182 609 88 200
56 393 879 128
379 792 347 254
490 952 247 175
232 651 546 103
813 865 466 238
20 70 177 856
623 720 138 252
227 231 452 638
332 620 766 997
467 475 603 964
203 770 491 419
38 435 522 246
341 903 837 273
15 763 481 833
620 989 85 219
538 847 209 817
869 976 166 694
123 794 10 563
325 503 334 110
210 540 709 793
550 899 418 311
265 901 496 252
520 582 823 717
33 119 886 338
361 406 385 153
396 528 716 203
52 898 314 437
261 376 582 161
2 274 825 537
322 902 789 772
614 904 842 373
729 998 712 357
98 134 511 660
493 580 864 742
531 983 531 594
114 258 756 530
467 582 419 367
561 903 492 805
335 526 531 523
63 244 880 548
693 744 560 536
676 777 278 657
162 307 252 563
276 361 445 741
217 942 461 195
778 954 353 302
288 885 177 701
59 128 601 171
154 163 707 828
339 939 838 597
443 500 512 126
803 959 868 743
175 682 938 303
292 987 606 625
176 784 326 654
194 281 177 699
443 886 879 380
576 718 329 74
160 843 553 961
153 774 56 678
455 996 982 440
639 941 65 166
76 744 172 269
24 351 320 817
200 588 550 162
880 918 588 428
142 722 390 873
447 915 552 720
794 887 160 432
578 827 950 901
123 674 522 696
473 843 866 59
43 417 221 311
163 296 739 369
130 304 594 570
499 929 290 73
385 804 857 210
381 808 464 53
931 987 102 754
182 969 814 223
385 388 534 31
274 550 400 205
756 996 127 35
418 494 108 878
221 967 440 953
126 257 6 55
244 461 810 424
429 977 999 164
716 886 196 617
511 597 822 617
302 944 652 437
114 719 667 291
108 432 244 556
251 717 964 959
127 712 735 491
87 103 656 169
205 972 786 481
801 961 99 744
104 262 533 332
201 569 623 999
660 868 908 375
470 873 686 532
774 999 24 452
33 860 621 182
237 761 664 388
116 721 484 334
370 571 666 139
290 570 138 581
47 509 956 977
271 996 510 620
535 769 72 980
47 919 162 506
159 179 894 878
646 732 564 216
101 583 355 22
846 872 603 379
893 912 709 514
220 259 135 379
106 208 711 23
226 606 881 763
405 776 994 401
559 859 617 311
142 973 333 364
289 819 96 62
552 806 576 810
377 712 541 481
253 272 856 876
478 738 992 233
865 987 635 723
253 897 386 389
72 578 106 747
203 360 161 262
360 738 424 735
802 966 216 424
218 425 652 695
162 645 280 25
916 983 100 231
487 521 620 449
558 727 196 268
281 358 531 639
447 956 726 599
295 922 23 490
29 719 537 879
25 819 905 7
86 358 238 605
211 845 54 753
290 603 22 569
312 554 561 758
288 861 709 781
86 583 624 652
114 162 532 137
790 980 496 65
87 147 22 342
430 650 96 938
32 119 859 343
24 421 453 883
61 163 17 994
600 642 646 712
155 179 202 486
51 320 903 466
490 926 808 138
257 355 428 738
288 727 81 749
61 887 985 120
49 355 114 648
348 761 712 501
267 292 987 610
670 891 428 158
169 590 648 522
77 846 612 572
364 694 673 423
580 659 895 980
10 365 980 711
45 123 565 765
312 905 727 980
157 796 490 315
98 139 189 942
215 803 866 929
496 541 353 427
249 551 407 915
611 740 978 84
544 784 201 94
449 929 426 595
437 917 910 533
55 100 828 620
695 902 550 749
256 587 528 137
856 936 404 817
27 383 901 809
103 279 904 726
384 683 673 819
600 936 705 5
387 886 626 288
529 580 389 518
784 918 7 638
205 764 808 230
146 710 391 775
165 648 853 547
331 527 718 281
462 776 286 848
265 661 488 592
145 230 110 927
470 499 918 54
233 727 636 729
28 788 505 303
676 711 202 5
238 922 286 50
49 925 250 709
91 542 301 685
672 764 965 169
233 236 223 816
314 860 545 452
403 888 756 914
114 959 919 702
232 558 104 280
708 834 989 726
643 798 764 821
406 730 990 989
317 567 805 981
703 778 433 16
190 458 930 570
202 501 624 731
111 729 11 944
353 436 670 585
435 995 406 399
516 749 740 183
667 898 164 444
599 953 460 409
140 744 331 639
945 956 723 55
36 735 351 471
88 374 408 81
809 815 833 675
915 926 859 581
24 176 25 127
838 974 536 465
868 933 456 877
175 180 284 209
636 915 32 353
361 441 786 168
607 972 196 521
56 250 454 424
431 480 551 756
440 669 221 601
307 678 830 832
467 858 41 123
75 102 828 461
515 615 982 473
179 939 994 187
449 586 963 15
280 515 771 299
345 954 900 611
23 731 443 231
197 485 354 649
183 559 463 425
149 798 898 438
245 328 977 912
45 941 279 323
404 455 622 759
100 876 370 121
166 958 352 506
59 651 507 560
593 971 337 93
120 588 531 798
510 832 62 875
343 802 550 608
98 526 367 196
91 401 670 357
256 375 215 257
434 724 170 25
508 694 118 165
3 96 963 278
27 864 506 664
57 721 272 169
934 993 717 333
83 388 43 337
259 763 947 547
118 982 572 27
44 625 544 71
398 508 350 260
209 886 924 957
265 550 126 550
542 845 883 975
232 279 664 345
612 890 892 222
729 818 601 705
146 213 776 609
6 479 869 242
146 687 200 303
47 327 853 939
89 171 914 754
580 720 99 960
345 543 182 271
137 162 328 725
105 634 334 990
556 936 233 973
53 786 276 451
464 482 390 634
306 571 740 641
192 237 601 778
136 888 401 48
272 730 125 905
187 460 247 121
367 833 94 771
618 724 222 81
205 613 67 126
160 270 767 505
351 721 636 238
38 857 638 127
765 768 384 953
576 985 426 294
817 873 65 434
288 596 867 152
900 935 630 521
94 751 26 795
471 663 385 326
377 701 806 819
191 493 124 67
175 551 713 343
423 779 777 370
66 645 874 317
505 931 838 375
217 255 522 77
880 909 403 931
210 285 102 776
227 753 195 278
777 910 621 550
40 399 272 105
395 499 774 676
4 613 51 609
575 829 686 59
443 835 342 470
445 652 598 403
23 794 682 150
55 656 53 94
55 326 551 800
326 825 477 179
290 881 140 469
807 828 529 992
224 622 462 272
21 61 28 42
63 207 193 612
247 718 706 123
610 924 924 99
754 935 278 575
420 986 45 792
599 927 784 219
150 600 843 169
660 872 564 217
286 758 830 3
356 889 478 630
499 755 730 784
9 508 360 493
758 780 637 729
684 774 948 832
145 373 354 384
16 919 601 653
28 432 8 734
487 673 364 170
95 242 306 100
456 667 945 586
424 583 316 458
265 709 291 80
409 998 816 776
268 419 781 294
202 790 380 873
276 745 395 868
192 703 969 998
721 915 584 496
850 901 954 557
518 598 989 277
807 947 405 213
