20
36402 39273 278 35 1000000 11371 25106 51 98 33 54
490 844 318 332 275 241 434 79 99 34 80
4 4 2 2 1 0 2 1 2 3 4
1078 5052 143 146 1000000 857 568 15 20 2 7
37637 35252 131 4 1326 1844 2265 72 38 3 79
39353 39838 20565 20767 3 35517 37854 90 60 17 84
5726 4567 144 121 1000000 454 3685 99 81 46 52
14 15 12 4 4 3 5 84 74 53 68
4886 4367 95 87 1000000 3493 4363 2 66 19 64
36598 39593 9 164 1449 27518 12034 65 2 51 34
39954 39461 443 17 1000000 34349 36388 60 98 69 44
1163 9027 94 86 1000000 1054 6993 92 90 59 19
28557 13495 1138 1991 385 23252 10801 56 19 77 36
39724 39430 20919 20227 3 7295 34728 28 46 33 14
703 687 125 343 321 68 78 38 8 2 66
196 827 117 730 108 131 477 41 72 11 66
943 715 356 144 449 893 533 86 24 28 90
4 4 1 1 3 1 1 2 2 2 2
5134 2621 141 183 1000000 2309 282 36 56 66 26
38095 39579 180 6 1507 11485 32227 86 32 39 26
