1000
94 13 95
73 43 35
16 86 48
54 98 4
55 93 15
21 84 62
29 21 89
54 13 86
28 95 98
33 6 28
91 48 60
98 39 27
92 33 47
53 3 4
48 21 33
48 69 67
57 75 37
55 12 25
89 99 82
67 77 35
21 99 3
33 56 65
23 79 47
87 28 17
0 55 55
17 26 74
87 20 40
66 25 14
27 86 68
62 17 79
36 22 35
94 24 53
1 23 28
78 28 94
53 61 85
59 8 29
49 79 11
14 60 30
61 95 87
24 57 9
59 19 85
66 90 100
91 10 23
61 88 67
20 71 63
35 22 38
51 76 26
8 7 32
100 87 47
34 38 11
21 53 4
31 46 91
94 30 1
1 22 6
81 79 13
17 37 79
73 79 96
21 66 14
49 48 55
97 58 73
0 2 42
74 86 67
0 10 42
6 33 77
57 92 78
94 73 33
86 33 83
99 77 4
40 47 81
79 100 64
1 55 20
27 81 7
47 32 85
48 52 2
47 39 84
99 62 71
56 83 72
73 44 1
54 72 3
31 9 97
67 45 63
16 39 79
19 13 36
43 82 18
44 60 67
8 67 44
22 28 37
76 87 22
8 88 1
72 68 30
37 29 63
43 44 59
74 73 98
65 70 12
68 88 23
79 87 63
13 62 100
99 61 22
34 66 96
20 94 40
67 67 62
19 7 99
95 88 7
96 28 17
73 94 6
22 54 16
70 15 34
22 15 99
40 5 31
48 62 3
95 53 33
90 58 66
17 46 54
5 85 97
41 31 52
49 34 10
14 36 81
5 34 58
6 54 76
60 5 38
50 22 39
56 56 52
20 41 6
35 68 35
56 22 38
6 56 93
42 93 80
70 70 72
23 76 96
2 59 23
68 85 59
16 43 68
96 23 25
33 12 86
0 42 24
6 54 76
84 26 67
1 45 6
2 67 55
67 43 20
1 74 53
61 63 52
33 84 61
44 26 6
12 33 57
80 22 42
82 45 77
23 58 58
17 17 24
100 37 76
80 70 89
21 88 44
14 33 90
6 57 10
5 21 40
80 60 28
30 94 18
77 23 24
4 99 34
34 26 6
83 89 31
45 39 23
69 96 3
23 74 80
94 20 21
69 82 83
49 43 41
68 88 5
65 34 26
82 56 91
62 86 17
34 16 89
2 72 59
31 32 20
31 80 31
100 47 93
3 8 88
74 76 22
1 13 64
85 71 33
54 86 32
16 88 96
50 20 90
89 80 48
23 89 93
25 76 48
4 25 17
99 10 38
48 100 7
53 46 81
98 23 27
25 69 7
40 58 61
45 58 33
58 20 22
55 4 97
95 11 94
34 85 73
41 88 72
13 55 55
92 3 36
72 9 77
32 10 75
87 63 16
25 43 87
2 20 12
96 31 25
91 2 11
65 69 32
63 43 23
10 86 69
25 54 15
25 63 58
30 9 85
95 21 59
93 91 57
27 23 13
62 46 1
25 12 74
4 17 11
78 12 26
83 21 71
8 20 80
56 65 95
41 5 75
100 68 14
52 27 39
82 93 96
49 78 52
99 91 5
93 61 47
13 62 69
32 81 7
50 27 13
25 47 39
66 68 37
100 91 18
86 92 88
93 85 66
98 6 75
21 81 30
77 65 16
32 27 27
53 92 12
40 29 7
1 28 70
12 7 78
98 31 67
14 10 10
34 10 100
5 20 37
65 77 76
26 92 27
92 4 28
8 92 17
10 38 38
93 68 55
78 84 95
8 100 13
97 81 53
47 1 94
74 32 14
21 80 63
66 22 24
82 35 76
99 70 86
3 53 40
73 100 14
36 61 83
79 13 6
65 89 98
91 77 4
51 16 83
100 90 10
88 17 100
80 15 95
94 54 91
29 81 85
87 22 56
75 33 74
11 5 82
96 74 56
5 77 3
13 69 20
26 2 42
30 65 81
10 28 72
100 31 47
20 98 70
56 84 29
66 92 12
24 84 57
83 41 63
79 48 79
35 81 8
86 15 32
54 28 31
60 83 20
60 87 90
100 31 11
8 47 90
99 35 58
39 68 89
2 1 3
72 69 8
93 8 68
23 7 57
61 53 3
1 90 31
55 36 81
21 63 84
36 41 40
79 40 83
52 96 17
81 3 94
64 81 11
82 55 91
5 36 8
4 99 54
3 75 98
46 100 80
77 67 94
28 9 52
85 7 21
45 39 5
59 75 32
64 20 30
96 33 27
51 61 95
58 18 38
86 25 64
70 57 74
12 85 59
100 84 72
6 26 84
41 48 10
38 8 35
55 32 37
33 61 4
84 69 3
68 55 29
98 41 60
64 70 73
35 29 87
79 6 20
25 68 86
17 42 4
94 29 61
6 45 79
70 59 36
84 95 42
48 38 28
59 31 96
51 26 61
75 71 84
82 47 30
47 74 14
53 28 74
85 73 70
10 34 82
94 53 82
90 14 81
61 38 36
43 41 16
52 33 14
65 42 19
20 73 91
72 45 65
20 39 43
20 56 69
84 18 41
12 71 89
1 23 57
15 14 85
67 43 16
52 20 71
10 22 55
86 41 9
95 24 55
24 98 37
19 57 99
51 34 61
51 46 69
7 25 48
62 24 38
85 70 9
61 11 97
5 47 9
75 37 68
6 37 12
19 77 72
39 94 64
52 44 12
40 67 34
26 26 94
18 22 25
4 79 33
66 96 69
83 77 15
61 55 7
46 59 25
55 37 9
82 86 16
90 69 64
50 82 26
23 5 33
35 97 48
1 42 57
85 9 98
83 53 23
33 70 76
67 94 53
40 79 88
62 18 5
24 8 15
7 78 53
14 89 2
87 15 84
81 40 43
63 5 13
61 85 22
42 12 84
91 47 20
18 18 95
71 76 48
2 47 93
98 22 42
29 37 5
34 21 80
81 69 83
93 62 100
66 30 100
78 13 34
5 92 68
67 60 99
19 71 93
97 10 91
55 82 21
82 79 96
60 24 94
92 82 14
62 46 8
84 98 25
5 66 37
3 89 85
69 44 38
4 95 82
82 70 56
42 63 85
18 61 15
79 70 92
82 77 39
63 97 5
26 7 46
82 65 54
72 40 83
16 81 32
55 94 27
100 28 10
4 92 13
76 82 99
1 7 59
12 55 55
35 8 16
72 36 27
16 97 9
22 21 46
91 25 16
53 6 61
51 39 32
46 54 18
81 64 70
91 74 34
90 77 46
41 35 64
55 77 36
20 18 1
60 68 69
51 52 94
7 56 41
8 34 45
37 87 64
85 85 34
31 9 89
16 58 27
66 69 9
53 5 47
17 36 76
60 57 42
8 13 21
62 59 95
77 46 25
23 24 41
4 8 40
38 15 17
78 22 46
68 6 13
44 7 12
65 77 35
6 53 79
29 94 95
17 69 21
88 55 34
36 69 53
3 96 47
1 81 66
1 54 73
76 5 76
1 52 5
85 55 91
98 69 74
32 94 82
47 8 15
57 52 31
75 9 23
60 81 83
55 48 15
42 73 40
44 31 91
1 97 39
94 29 22
87 63 13
3 40 45
37 33 85
28 53 36
73 93 3
48 55 54
21 1 14
3 98 22
19 41 36
66 89 30
47 53 21
59 83 100
4 87 25
81 4 75
37 92 57
63 18 95
37 59 59
2 9 3
0 20 21
35 57 4
0 54 4
13 28 46
73 4 82
74 27 60
57 98 14
36 60 91
83 83 38
79 69 11
0 92 67
42 58 87
72 73 82
61 11 30
57 61 15
15 48 19
49 73 97
25 23 43
84 58 56
49 22 17
28 16 5
58 12 24
19 87 86
97 24 78
25 85 66
91 24 30
31 15 100
64 16 62
2 35 88
13 9 61
43 97 35
75 68 11
56 43 8
72 84 72
49 60 88
57 76 73
94 30 5
40 29 19
95 62 96
49 11 58
34 5 87
95 20 58
43 54 4
35 99 22
0 57 27
41 20 71
86 89 75
7 95 21
66 19 66
98 80 87
92 55 47
7 68 97
88 93 40
12 72 83
32 74 85
28 75 45
50 45 96
33 55 85
54 84 33
50 58 100
79 48 76
37 21 1
61 58 61
44 5 97
67 83 21
38 91 22
77 88 1
81 38 43
76 10 62
73 35 23
23 1 19
86 75 33
87 78 17
95 52 21
80 78 67
36 65 62
1 73 59
54 53 91
39 85 37
11 45 47
38 13 28
7 72 10
57 48 78
100 70 91
85 13 84
14 19 22
89 86 90
29 16 45
100 98 41
12 83 57
16 11 38
94 41 86
0 39 48
2 36 39
55 71 19
51 36 99
23 36 86
6 68 91
99 13 4
5 42 25
19 78 93
27 39 58
33 20 79
90 76 61
87 12 14
8 61 41
21 94 36
7 54 41
31 3 8
82 42 37
63 38 11
58 58 81
100 23 20
25 25 97
62 90 75
62 57 13
13 47 81
9 78 90
54 12 86
13 9 38
86 22 44
28 81 52
82 24 95
16 79 40
35 64 17
54 31 99
10 36 76
99 95 91
91 9 77
12 65 66
90 63 36
38 86 11
10 55 4
40 31 94
84 79 64
46 69 58
64 96 55
89 41 20
6 23 99
87 40 57
97 44 64
93 54 6
2 93 86
98 29 77
99 41 62
21 28 21
28 2 36
52 68 7
54 8 62
73 5 80
16 81 80
100 35 40
70 25 2
82 28 71
22 88 73
93 73 82
35 73 75
53 48 15
69 25 52
10 33 56
89 42 1
17 63 22
27 61 19
19 53 6
28 46 55
0 15 62
47 27 8
36 32 85
58 90 100
63 4 15
48 59 23
57 64 92
75 56 53
55 80 45
84 70 75
68 13 87
28 13 37
79 20 6
31 20 6
78 53 78
14 58 26
32 68 96
74 3 72
21 17 22
2 57 53
56 35 42
15 12 1
3 82 67
8 78 93
78 56 13
90 72 20
57 38 52
64 76 28
84 1 80
41 97 37
93 92 92
100 84 31
90 78 19
78 31 43
39 43 22
14 59 83
92 38 94
38 96 19
22 64 65
11 60 98
5 19 45
37 3 58
16 86 46
73 81 29
9 70 2
42 67 86
79 31 94
91 96 80
46 18 82
83 81 21
72 15 93
54 93 10
13 45 52
72 96 80
98 42 24
80 66 44
47 71 80
76 47 70
29 75 87
65 46 89
56 82 23
88 56 9
85 33 65
53 22 1
9 10 84
16 20 13
9 67 78
15 100 82
45 54 78
60 29 94
43 81 99
81 58 33
34 14 7
48 16 37
91 10 57
32 98 7
58 86 97
29 23 13
27 65 77
89 84 47
27 56 28
70 72 24
44 35 57
17 31 57
68 23 92
37 2 41
45 83 96
50 95 41
70 100 38
75 96 31
30 29 57
38 18 100
47 66 68
33 69 55
97 82 93
19 90 69
81 88 84
70 42 40
13 21 19
85 86 56
89 74 71
68 23 60
18 75 3
94 75 65
63 47 47
83 15 78
54 28 35
71 87 7
11 97 8
19 80 12
16 5 23
57 71 100
23 21 97
37 24 17
15 28 37
85 16 71
27 5 38
38 100 15
69 26 21
31 8 81
19 95 1
7 55 65
16 96 54
34 78 66
85 67 94
51 72 5
4 45 66
26 4 85
3 83 27
92 7 98
52 72 19
46 71 15
88 58 41
20 14 88
37 73 10
7 84 22
59 82 94
59 22 76
18 13 17
99 99 99
2 64 93
100 1 1
88 76 98
96 55 72
95 95 17
84 90 1
4 86 31
92 80 87
57 26 71
22 42 25
84 75 56
4 57 29
76 77 73
32 14 83
3 38 18
95 29 87
77 83 32
92 100 81
13 17 1
54 36 40
43 86 20
23 35 44
44 27 57
100 91 95
13 66 1
13 82 4
74 9 58
79 88 11
4 42 74
74 83 52
73 29 39
46 13 25
57 14 13
39 62 100
72 83 63
62 17 11
39 42 75
0 71 40
36 54 38
98 83 39
23 8 13
38 10 22
49 47 74
57 28 81
57 59 38
44 4 23
49 42 78
79 12 10
16 48 34
52 91 16
54 47 14
93 40 71
31 30 58
30 86 56
22 75 38
9 77 77
14 81 78
100 64 45
100 74 54
23 17 75
72 82 11
12 24 3
17 79 13
9 3 8
38 31 43
76 58 19
63 75 34
12 25 45
38 13 25
3 19 75
70 67 75
61 87 41
70 93 6
50 22 86
75 52 73
15 29 66
45 62 57
51 22 21
75 28 25
82 32 14
73 6 68
27 6 1
34 9 32
53 77 48
55 2 71
90 48 65
22 2 57
49 35 2
82 47 46
44 68 69
84 79 77
41 54 55
43 47 33
8 61 3
75 18 15
41 9 44
55 82 52
23 100 5
85 84 21
84 24 17
13 63 44
70 91 100
39 39 55
69 3 81
60 98 27
42 4 54
46 26 68
67 56 15
28 14 70
41 26 27
84 63 8
46 100 56
62 48 83
97 70 4
16 12 2
36 87 6
69 96 28
80 53 38
36 98 27
88 98 52
10 22 75
67 73 45
13 64 55
36 12 28
77 28 9
87 37 39
23 34 79
42 33 100
46 60 87
56 48 75
71 35 27
50 22 62
30 64 33
18 56 55
99 8 69
45 61 96
34 92 25
10 72 100
85 74 65
18 89 10
44 52 32
8 64 34
17 89 70
64 15 25
54 18 72
53 80 34
21 52 78
82 87 30
1 12 64
79 37 2
91 86 25
35 16 42
100 89 76
51 37 95
95 44 79
80 2 41
