100

6

2

65

80

68

83

53

42

75

59

60

88

141

914

528

774

124

204

100

370

911

593

841

659

109

935

423

681

537

335

343

635

9420

6883

8245

4965

1544

7130

6790

6601

4210

4909

1578

3056

6471

2604

6944

7284

9328

9849

5142

2590

95040

39747

53890

38646

71738

24437

64612

89253

56274

98454

47528

41323

82779

44287

56785

79820

84105

15257

73431

50921

83759

61836

44110

78078

38958

89474

24933

92235

37143

59789

73622

43179

89104

83143

29556

68181

11991

32320

673563

757621

943403

898459

186796

178228

378658

636068

952131

752752
