1000

10

9

100

56

83

84

31

52

59

91

56

49

500

813

309

879

772

984

473

211

535

940

750

508

166

617

815

784

456

513

513

920

6092

1292

6786

2942

8551

5036

3805

6140

8490

5339

4292

9974

2102

9608

1718

2183

7675

1881

1280

4224

35824

23708

47345

35765

69287

84537

51193

11633

90057

53724

66645

84987

39989

82038

16007

82798

94640

50278

38003

90137

33697

79347

79037

79264

34246

96853

16610

74836

86514

69662

13219

78458

73909

81083

95747

56217

83187

84576

775980

369785

374495

170032

843184

236829

161760

278378

431396

959811

2315765

4218968

8372899

5245441

1900095

3515898

8164805

6858941

1718927

8213272

5823518

3609937

1938780

8739637

6826731

7382777

2147716

4496648

6912652

5423550

4586174

4213201

3283922

9121287

7574586

8207415

5242440

3679763

4715210

6599410

7592614

4263708

8004949

3669133

8872039

6396765

1660584

1507284

4223239

8339740

6149599

6287032

7751088

7017890

4776463

6121712

8383073

7359519

7378812

3417082

5624350

4971361

7466310

2440009

8730494

1048285

6746167

2439254

5617253

9249767

9844290

7522270

3341103

1623209

9460374

7354956

4280893

8454324

2907299

5077294

6054896

1876654

9248394

4564643

6966904

9975278

6509498

5643373

2727444

3559218

9486282

1725170

9325964

5970478

1265816

3494493

3485260

8816694

2347761

9202694

8676479

1349905

3940573

4234735

3723359

4977012

4738344

1709785

8392980

8733604

64498015

51192847

51986275

13363178

67214441

57388682

94588666

23751561

32803632

20895309

12059389

50166485

94585741

98534293

36003583

31061846

36420326

24299624

20507774

31402679

83825496

96237169

64315836

87507439

89946526

42954580

17901328

67797990

40524402

65794382

54063517

84034352

71964075

73496233

36061677

19915416

19901670

19077693

97171806

98764171

28274661

58439800

46644402

87886304

60821047

13716788

10020719

42821947

17945267

82461361

83847924

25443874

97515059

63452295

47358532

80069564

85452588

48529016

30926964

10943180

65609349

50183400

75257931

59872650

15190537

99149902

53273561

11730134

90911251

17593062

21972450

17193898

60209087

68524937

93640669

66602567

63310027

73504699

33317458

11612950

76670900

34663443

35436693

19862257

67050212

35377307

21828778

83910587

95858126

80194164

31201866

66088498

39805349

90928499

20795202

39998381

77304115

34971322

68629473

12734199

67060885

80186861

83373128

50997866

23998208

94940141

53137819

47784717

16939630

75844386

59229440

53721560

13317164

58423092

88448658

89372954

54368704

39002251

23890366

82279776

13659039

18310495

63979680

80950039

63459441

15157535

63551625

10016322

96438013

15487164

92491588

68254290

71267787

21058738

53134001

90145615

80286026

92505006

70140897

85364411

78600805

38612870

22013667

71658096

88527531

58744526

59900344

14335634

29422021

29616132

24454933

40610457

93323825

64859114

31985522

28230926

37024381

98937900

45607405

61864755

75001482

55476382

19403621

60113380

92993311

38971391

31944302

90542042

73392756

46067769

82610528

21512774

47714366

75010775

44451301

30303234

24568173

37487045

29488299

31893095

30386453

15868240

98675481

10304247

17463346

41844599

57206486

26596859

51596692

36740825

98139814

18449001

79148821

66675959

93412588

80477939

86807471

60803772

64179981

22162438

314317231

971898005

298703750

869545494

993860726

486935153

865954926

332531632

853145691

669422961

810730164

160978602

877440439

360307179

207839246

417871020

696943233

440301059

407476693

448123398

412308222

146485153

373365487

551474905

444240077

465407760

839554265

195443859

789608864

680918882

914490762

732336990

388628681

675485117

395805911

137081878

446394347

994267290

153590480

250137559

559789429

633560916

635432482

790863333

952837034

708724071

468935142

281721635

745695406

503334159

655548887

807186543

122576091

572407761

179097208

727561324

303580161

845924514

675541533

511907777

891183443

433260762

323030819

952782080

663675994

625617131

826124643

758212286

764490072

537863020

704148769

586307670

868744534

735671104

237132981

520342619

506483012

901169128

516756464

291697349

181866965

380856349

455126438

238790018

370206206

790664049

709637012

390604262

864751416

662309508

368947672

213811390

207808574

768281989

299386660

240395122

473683371

828492413

543342807

238533158

649323512

230431609

803311447

263983149

641460418

515965468

850429263

472510012

818229960

565892382

691700509

118794769

933246782

425287501

200130907

513494385

879829203

516739209

769742990

651345511

591543932

923787811

132796249

209891494

167075525

712885489

351692590

930994143

264542501

348636994

851964865

172794623

860624727

129287118

889495738

159501987

767169559

149208975

727376275

660637527

760738658

128576478

714593756

846419438

441012647

931985334

265622113

762235716

982812596

468704534

365395516

419379177

737964510

863183907

425845005

468779110

430583345

756206260

524146758

968838277

917331801

463457996

867047664

292251968

134030353

671736160

759501909

524697571

207596958

569384371

554563818

528747954

346216643

580210822

920211253

779670175

177299523

350810871

104610165

858575349

871459105

655828166

297115341

532504520

386319691

906195786

738076632

731700841

465679163

374831437

584471405

289854782

174820194

101713095

674924219

785097644

381598861

436688563

570690644

129592556

786385318

406854072

710069704

338951984

663732028

612615131

522331485

218534661

475673340

153028772

922261940

114405654

936680979

349558964

642986494

763667469

384700141

723188967

589295044

403139270

570803823

298016417

659785273

830824917

128416725

819457201

882927011

437502848

821867657

595241144

533756913

741205607

694204192

722823006

138372577

997789361

352012471

772907309

990844481

965880333

981489134

618109594

783531282

885247748

682861385

301066748

614721584

886892733

396417373

419424814

718312172

275590564

605655511

672311286

430785265

525469325

679991056

599941412

733637324

693282221

666096350

547434672

566852128

133812207

255997759

465035647

831936597

217303446

761932838

518807543

468764046

213804159

930162157

702811045

363798125

344155040

495983135

384696681

282026505

773965030

576084223

334968284

455756361

215470850

632803554

434677548

173525553

775786232

136050762

700962338

219601348

329821642

841339100

851316590

347165889

306644600

643006154

945211350

568107570

726837012

799856916

541949924

831745765

991436446

202379476

137724536

967933638

118299475

249052944

829941137

343341710

710895286

882594981

111796755

484604555

703690868

624542573

660455120

768250238

154164179

314924122

172643682

654782736

449032070

993652214

637867108

242117375

463579343

677714619

677758651

950351455

391386914

435743199

680470805

991573252

591978272

375463592

212624753

575822348

406767835

222896724

143392731

134584856

317928586

912752907

857544010

401334992

890909001

397133829

191064640

818577410

235519628

343995014

260366714

886075536

283804818

203878483

668650999

250874650

489457122

874405659

771774777

387414895

910133252

181785360

280285142

774622432

386245144

660532032

539001998

369779539

561041871

125686970

561489912

843679558

307081548

396037891

635068933

430231559

838239682

976591739

384042410

839476204

507454979

225994943

766659012

698886251

663924994

376713425

979536810

295757262

439296787

643644032

662539447

456595520

632338243

978615996

993775533

590816922

238638267

564449888

900962278

401393831

571070674

825264259

797456179

708538282

241285184

652013543

408051088

494608943

945071678

156720289

786952952

727642453

756189937

437234730

620947101

908722284

182872406

386905373

687791346

761827331

252308795

913279560

432874340

998597375

419475885

928328801

945082342

281640440

956821152

389252653

506794938

900616165

700718313

872186218

298495473

991386796

778877737

458924695

359672834

474432006

446155367

674534563

752752259

116531716

907932733

498823139

582572341

349174255

938424647

787764302

664493132

458736331

771623212

614962249

728583791

539826415

348502982

236868647

898072656

346679354

482899188

375966090

319534893

254403718

829736035

421597070

829141209

700036434

615806636

811665293

535022495

807212491

934487670

152752318

375961442

778802349

417641120

826129402

451356673

127376694

284404345

655801895

443470495

927180674

229412809

451590407

869399022

155888287

774961255

261956962

197442961

787574627

645565867

324724892

958555642

636464644

304164256

867694358

697173573

500608395

541019857

283881384

349683965

328653284

363806184

122272633

717177357

673553626

476945898

300613799

718163163

626837376

949073274

458634041

224836641

862860755

427361942

218610999

715764816

409800528

525778747

138926053

590230348

395434587

618870548

549619527

440794658

960760332

425025539

823965515

337533500

897927350

237063994

608567559

423454328

768373002

558252076

657099581

124914721

583157961

464081689

537501625

946862223

867580877

882811143

510809161

471244686

604367552

780487025

173972551

633282710

872424146

385206520

207443826

611399777

467875033

647040017

469644524

151479402

339081184

586082352

548176878

216842879

665954499

804613387

202024975

191701431

227925119

769438462

327788813

611242786

977630110

929569366

527220145

930719766

842350363

584980473

448232012

363998661

447229147

945274421

406595079

959623856

688921778

192561368

443468034

615843857

343091761

753953238

952823874

133488933

101636620

238687210

204474358

480798088

318095745

728143945
