39

3 4 1 2 3 3

3 4 1 2 4 3

3 6 2 1 4 2

5 10 3 3 3 4

1 75 74 1 17 1

1 22 5 1 3 1

1 73 11 1 13 1

1 84 9 1 24 1

1 89 52 1 4 1

5 37 30 3 27 5

5 32 10 4 18 5

5 84 36 4 52 2

3 76 28 1 39 1

5 76 4 2 46 5

4 69 27 1 26 1

5 30 23 2 28 1

5 67 40 1 60 1

5 99 23 5 17 1

3 90 37 3 90 3

5 16 2 5 4 5

5 99 82 4 71 2

5 79 60 1 5 1

2 78 51 2 62 1

5 34 23 4 23 5

2 28 24 2 7 2

5 89 3 4 29 5

5 94 46 2 62 5

3 80 60 2 29 1

4 26 24 4 26 1

4 24 7 4 5 3

5 33 10 5 11 3

3 77 57 3 63 1

3 17 5 2 9 1

2 63 56 2 50 2

2 32 19 2 9 1

3 35 10 1 28 3

5 42 11 1 28 1

4 53 18 3 44 2

2 79 37 2 57 1
