59

3 12 1 2 7 3

3 14 1 2 8 3

3 16 2 1 8 2

5 20 3 3 3 4

7 7 3 3 5 5

99 97 23 83 60 66

92 94 93 80 82 27

99 97 13 93 21 38

97 90 70 12 54 70

39 31 11 10 5 4

22 44 20 17 13 9

39 16 15 10 5 9

10 20 3 2 14 8

32 24 11 9 16 26

32 50 15 15 48 18

36 31 25 4 11 28

43 11 1 13 10 11

24 43 28 8 16 4

22 38 38 7 10 19

11 30 12 8 14 2

17 13 10 6 2 4

10 11 4 9 10 5

32 37 11 21 2 12

25 21 3 23 14 20

48 43 16 38 4 40

25 36 35 21 27 9

21 46 46 14 21 13

28 50 18 13 24 24

31 48 22 12 18 2

34 27 21 33 9 34

32 38 26 21 27 23

25 46 5 15 21 12

24 36 29 13 5 4

20 46 11 10 32 10

24 16 16 21 9 4

19 37 5 3 3 3

20 49 21 6 16 12

33 14 13 26 2 4

42 47 11 33 25 41

10 10 9 4 1 3

9 9 7 4 1 2

10 9 2 10 8 3

9 9 4 6 2 7

9 10 8 2 7 1

10 9 7 5 4 2

10 10 8 1 6 9

9 9 7 4 6 8

9 9 4 1 8 4

10 10 9 4 6 6

10 9 1 1 8 6

10 9 1 3 8 7

9 10 2 7 10 9

10 9 3 9 6 10

10 9 1 9 9 3

10 10 2 10 3 2

10 9 5 5 4 10

10 9 4 3 3 6

10 9 8 5 7 3

9 9 6 5 6 2
