500

42 4.3588438353 24 0

56 3.98491247441 11 0

12 1.114312885 18 1
6 2 5.46687774428 11.4686484096 15.5512740563 29.470836819

30 5.28036901569 21 1
1 2 3.74167231595 9.45134946875 13.4268311259 28.2933116439

79 2.46232999941 36 1
3 2 3.33928064242 6.54544032779 10.2336500882 26.3572866829

33 6.52320393571 37 1
28 2 2.18553911679 9.5148367218 14.5510448413 29.9784216722

71 2.93455132994 33 0

60 2.68973789389 26 0

38 7.81867682424 18 1
30 2 6.0634484227 9.8253428153 11.1833209911 25.2223623387

97 9.85512791101 27 0

99 5.51522700719 34 0

34 8.1452971776 26 1
15 2 9.1847992509 9.37489407026 11.2041348436 29.7926443981

57 6.7736914553 24 1
45 2 3.14993059855 3.44447427053 6.57141056087 18.2019144433

100 9.58566772402 31 0

93 1.36597519647 14 1
32 2 3.92360643358 6.15222809695 6.25663309048 10.4737671751

16 0.305143927902 11 0

56 4.96073424139 34 1
30 2 5.63605543728 5.7986156099 6.64455648339 34.5385557917

93 3.44959185639 36 1
22 2 0.612351401056 2.10240260392 3.42471425852 5.49044119524

59 2.46726782594 37 1
32 2 7.62427674779 10.3708951963 15.9427375983 17.9761645193

54 5.60956519109 39 0

42 3.09784167027 36 0

22 9.71122493914 13 0

81 8.25428498147 23 1
62 2 0.661915077389 9.6312908843 14.6443596317 27.1247316001

20 2.52668496584 34 0

12 1.07203954341 24 0

35 5.49471245104 31 1
33 2 1.89285388768 8.79370891965 9.1842580469 17.3705331259

53 0.777813677132 34 1
37 2 5.9891710786 9.26421234338 14.6117034907 29.3400103727

47 6.85978396663 37 1
5 2 9.39203732481 10.7770968262 12.4395686819 38.7172198109

59 3.66521260981 13 1
50 2 7.43975083725 9.14780126353 11.6095934715 36.1849330108

94 6.37598278888 18 0

29 8.52534877022 35 1
13 2 7.75702867213 9.17222356651 13.8100678942 17.9612248404

53 0.372484404483 36 1
32 2 8.59888391627 9.66928567632 11.6576596618 38.1189912949

48 5.02553617297 39 1
25 2 3.12989686093 3.43220065823 11.1237122435 36.3568953296

87 9.14914591824 28 1
54 2 4.61826083191 8.78375453056 13.7408081918 23.7031983683

13 6.16855850218 15 0

47 2.32175629937 15 1
1 2 1.39090193385 2.25581941714 7.664945749 20.1551223567

77 6.33478346985 32 1
8 2 7.89498958143 9.64486242281 15.3126526038 17.9761995191

66 9.04542466614 25 0

85 4.01548275719 25 0

93 3.23221788206 36 0

74 4.92743673174 30 0

54 9.74737903415 21 0

66 0.905095731134 16 1
34 2 7.13267392352 10.8742680668 12.5150272487 29.1980231909

93 0.718241367045 32 0

31 6.14516325588 10 1
19 2 6.25318370463 9.48367116345 14.7241918897 17.5108262816

15 5.93981869108 17 1
2 2 5.1497922218 10.1017194755 10.6495430133 14.4336384516

45 3.5482936569 39 0

68 6.82298568999 20 0

38 0.454284024969 35 0

40 9.72545468435 35 1
26 2 9.4507927385 10.6014222017 13.5942406764 33.4999204389

71 3.58631346297 26 0

49 6.79430385969 32 0

98 0.585811195796 39 1
43 2 5.82802110344 6.51271252723 9.75430919394 32.1252621992

15 9.75622130259 33 1
10 2 4.6880384342 11.3832127907 13.822697508 31.9880039998

20 9.23053718859 16 0

54 9.20966443945 30 1
4 2 7.46582387669 11.5775891622 12.9686958781 30.356747358

87 0.162391285123 20 0

29 9.03044177122 14 1
18 2 7.96445770127 11.2675547669 12.7647425237 31.0324050168

48 4.28402110153 22 1
46 2 0.453949475591 7.02036657826 13.24240168 26.4257875407

34 0.678900599029 10 0

47 5.24999578355 20 1
40 2 9.99202168629 11.2894557585 13.4236770095 35.6680260395

100 0.748004027048 24 0

24 2.35156688762 23 1
7 2 1.14186753366 7.31392382843 7.51578283899 24.8895882358

58 4.76300245578 39 0

92 6.76279505566 28 0

83 5.42224027822 37 0

38 0.581027000612 16 1
20 2 6.11913532044 6.42096731504 11.7785621427 13.2637604985

91 4.69397259497 12 0

71 6.394604802 22 0

90 3.11001477803 32 0

93 4.68776660284 32 0

18 8.54407538717 39 0

18 3.83618062092 15 0

62 6.79394937761 35 1
8 2 2.22803734886 2.40170205788 8.2740296319 30.7363687172

62 1.36304667759 33 1
46 2 3.75711288593 9.0798586454 15.9680138726 22.3535232902

85 1.56087609562 11 0

76 1.36984519957 38 0

57 1.3601012972 36 1
32 2 8.80429084735 10.5987779791 15.8072786547 30.6632676354

62 0.332253651003 34 1
36 2 6.3332959059 7.24524997843 9.34647122822 13.0298869711

91 2.92288553197 25 1
45 2 8.24097729131 10.5547653039 12.8448137181 37.9962231369

50 1.91646787917 23 1
43 2 4.89635987074 7.85411410634 10.9708390201 19.8042487488

91 4.00528218477 35 0

79 2.7603717603 24 0

90 6.62913117309 28 0

68 8.91985781169 30 1
10 2 2.60383467013 4.19115845071 14.3519127906 34.8109924472

47 7.20024966972 14 1
16 2 6.57211133179 7.76699232601 15.7459102235 32.0046334631

26 8.80423606099 38 1
7 2 6.95473825678 9.6646509286 15.5259032753 38.709702339

42 8.97762433849 38 1
10 2 8.44973419394 11.2529294504 15.2169811787 23.2252629124

82 5.46406578376 34 0

13 9.38412337799 37 0

65 7.35942835675 32 1
13 2 8.04667537869 10.7267277986 13.2525222987 27.9704143586

59 2.66271938639 14 1
30 2 7.47732941654 10.5315384512 11.7495545439 28.6630300348

89 2.63006384055 21 0

69 2.32735826805 17 1
48 2 3.20817139519 3.6413128822 15.6253075175 20.7612810423

50 9.24561503931 20 0

63 8.83181149033 38 0

18 2.15921228956 33 0

100 2.24887866947 31 0

44 0.330486821969 33 1
5 2 4.19316636778 11.4183430528 15.3409037381 33.887316637

17 6.45898943379 37 0

18 9.92445368283 19 0

20 6.95203752377 24 1
13 2 5.35818827631 7.68674571841 12.4409776164 39.9491527885

82 9.78231499856 19 1
60 2 7.90565888427 9.06347205374 13.2100481347 15.3363744049

51 2.28054713218 25 0

49 9.95569245341 28 1
31 2 3.28599159199 8.84756664965 15.0886516371 35.6631425003

27 7.56119381197 10 1
14 2 8.99079008494 10.8528956783 14.6671005704 22.203157158

28 3.49868250758 36 1
16 2 5.04362539752 10.2675624413 15.1455174112 24.4715311392

24 7.29834594492 12 0

52 6.97554655936 19 0

68 4.97394291847 29 1
23 2 6.95298949011 11.1099097435 15.550885737 36.3500159303

48 2.62876720472 21 0

24 1.90561666631 17 0

29 5.78896603949 10 0

35 5.57360154254 33 1
16 2 0.529051707746 11.0015587787 14.633466331 33.2800311806

46 1.95320937897 11 1
24 2 0.997160863719 1.38603900279 9.38918550001 25.9792458484

86 1.69636462459 14 1
81 2 2.75610943671 5.76848946033 11.5143711632 30.7820130017

54 8.02872142234 18 0

57 9.6012323006 33 0

96 0.42359723626 14 1
84 2 7.12633102649 9.36445886649 14.1323775112 34.2606863741

39 5.521514234 30 1
9 2 3.23514990189 8.7660071983 14.5176028115 27.7788587856

35 9.9822408563 33 0

26 0.652364725947 33 0

93 6.50380205155 27 1
27 2 8.02490929667 8.8436246813 12.1164349343 14.9568881332

27 7.56504159394 25 1
4 2 9.54936309638 9.96965751171 14.2903215195 36.1308973286

65 2.64276958081 32 1
52 2 3.09062934785 4.85116342453 15.0492679886 25.8543019659

34 7.02113446609 15 0

67 4.07417388798 15 1
12 2 6.03014089541 7.39296437852 12.6820703544 30.6215964284

76 6.29529297739 19 1
43 2 9.2923512235 11.5181040278 12.6519724339 35.4563121469

26 5.58682919664 34 0

65 0.612642422815 19 0

88 6.14429716642 22 1
13 2 3.84574798182 8.31788932852 12.4369508483 23.8945502421

50 8.15382681615 15 0

93 9.00224383052 21 0

76 2.57122804026 10 1
2 2 3.37062242602 10.806069617 12.4489153622 32.1207388331

33 0.769946573814 11 0

42 0.927596453396 25 0

64 2.12328215877 11 1
31 2 6.64513231139 9.52048366495 11.5704636176 22.9112595159

77 9.14546969128 16 0

24 3.2690221907 18 0

73 1.5949816873 30 0

78 1.86333189572 38 1
75 2 4.65131996405 6.89113007983 15.501972428 37.2543057441

60 2.28663502673 13 0

37 2.62787281141 36 0

48 0.970627461598 20 0

58 2.39420817161 39 1
8 2 9.85415318951 11.3318961807 15.0922489881 28.8578005121

67 7.74288571133 32 0

89 3.20604239294 31 1
22 2 3.70490992082 10.5616271877 15.983509209 20.5424178294

64 9.76692350285 11 0

94 4.29299270022 33 0

56 0.752809651621 15 0

10 4.97320410942 10 1
3 2 3.14242029983 8.59394771621 13.5518965914 32.3442618464

77 5.09796096249 29 1
17 2 7.62168381298 10.23695783 13.159332025 23.9537177223

46 4.24415780706 10 1
25 2 1.07044456642 7.7728242771 14.6814702446 36.6673863507

33 1.61376615849 37 0

61 6.91427408203 15 1
23 2 5.70495013735 11.7259758972 15.2166122231 38.1820256035

31 8.88401007302 21 0

76 1.8285931875 33 1
50 2 2.70572263913 3.38366486068 12.64529175 39.290086525

95 2.48469677984 19 1
70 2 2.62665115999 5.97840167455 8.62388115388 28.4680494061

35 2.74942664804 26 0

23 1.43595088008 36 0

14 4.9895549263 30 1
8 2 6.32291843746 8.47371647545 12.7156729917 17.7566793846

60 4.86708086686 34 0

73 6.96521926193 37 1
17 2 5.76039227282 8.99031527717 11.7736509818 24.7019828744

68 1.80091051978 16 0

63 7.38544136047 27 0

36 6.4563664131 30 1
31 2 0.214618382365 7.12130301495 10.7228602976 38.9658765866

60 0.699799212056 31 0

27 5.55993939071 10 1
24 2 1.20157137636 4.85100415696 10.2501736009 13.2724520166

78 6.62627508386 21 0

62 8.77429441144 23 0

95 3.7497914494 11 0

12 6.45114449494 31 1
3 2 1.96169661212 9.25747035836 15.8932723669 20.9371034884

56 1.1559979817 33 1
38 2 7.59759209013 8.1254143623 14.7632001293 19.743958209

23 5.11142350722 18 0

23 3.39378803552 36 1
21 2 3.70307139299 4.84474966303 6.52985368986 20.9205838879

61 3.24437455918 15 1
23 2 9.12180879001 10.4011047004 11.4183252566 37.6987949065

15 1.38546522053 34 1
4 2 9.7976439581 11.6249291257 12.137496472 34.8460411346

100 7.50980195808 10 0

70 1.3958981324 14 0

14 1.6717281986 35 0

100 2.51646396294 31 0

67 0.726738272644 38 0

34 9.52055375102 11 1
6 2 0.591541195173 4.211600669 9.41869709768 37.6841821547

90 0.566325433098 33 1
23 2 9.46510405712 10.8319029689 14.9494484573 19.1296322522

66 5.37187329781 34 0

33 4.8537754629 33 0

41 4.12917614072 12 0

33 6.96283475529 29 1
29 2 3.78615949909 6.61213591067 9.10633743397 17.6547051742

51 4.87377297324 27 0

13 9.54229331426 11 1
1 2 2.73781599398 11.5977784662 13.5959922082 38.8974722579

66 7.04100867422 28 0

97 0.496449265096 18 1
36 2 9.09830666967 11.8451412858 14.9784484012 17.3171860042

53 5.10927874462 30 1
9 2 2.95027964716 7.03579217219 12.3159898835 19.7233228058

75 9.55943898785 33 0

79 3.11915949138 35 0

89 9.31101317598 31 1
74 2 2.12662119532 2.60212592957 6.3454091059 20.4120787735

20 5.35005819937 15 1
15 2 6.02873966927 8.42688287735 10.5318886639 38.4210320363

72 8.83869012673 31 1
52 2 1.76839675831 10.5710122862 14.0280946816 29.348694437

89 3.04530912598 22 1
30 2 2.81617367372 9.10011348926 13.8932566193 24.4840177253

81 7.01838782863 31 1
11 2 3.54864698007 11.905670862 13.860084558 28.1764463567

91 0.985591829955 12 0

81 5.09241868913 14 1
66 2 4.53053795318 6.20442423265 9.85734841418 21.4594953803

27 7.03224258272 29 0

15 3.29904749219 16 0

60 3.99104592604 21 0

28 2.65100474083 24 1
22 2 8.58438200995 9.99821141652 15.8255403823 16.7563762383

24 3.61807145861 38 1
13 2 3.50834621925 4.84628645242 5.46760345069 27.8061600915

13 1.36130367275 15 0

73 9.11657402879 37 1
10 2 0.30466509841 4.38752883136 7.39943420564 20.9674663233

83 7.45668691304 14 1
37 2 9.95527838646 10.3661733132 15.2748993853 25.8751215092

21 1.89738195219 37 0

47 0.348165602869 28 0

85 2.86373825604 32 0

65 1.92065858422 19 0

43 8.09279574737 30 0

92 6.2000669936 23 0

82 2.82171583651 35 1
32 2 3.64330459892 8.97005560377 12.1051079862 15.1597057101

33 6.6230119153 21 0

30 2.03863744986 37 0

89 6.67499346769 14 1
45 2 9.45560033762 10.3533867132 12.941942448 25.4850206911

55 1.77493995133 33 0

89 8.17525871399 24 0

25 6.52270229168 27 0

47 7.49501611188 20 0

32 4.74615397618 34 0

100 6.65918980415 27 0

39 2.56084989993 20 1
32 2 2.24055469166 6.15409734414 14.5488410299 27.5830321338

40 5.47019243418 40 1
18 2 6.24253437184 9.6122816248 10.8733115061 13.7165229983

15 2.57927433036 18 1
10 2 8.04405838982 10.1532421385 14.6663384635 23.9406391816

90 2.68289993479 39 1
62 2 4.97133640778 10.8552670861 14.3322115433 17.6888959316

83 5.43251867673 38 0

14 4.40740101014 40 1
10 2 3.87752205077 9.63099458051 14.5255882257 30.6388566953

71 4.45642734015 27 1
1 2 2.83206354678 5.23961116623 11.3318328715 30.1959752845

45 2.03824841678 35 0

74 8.66557140455 11 0

18 9.43849030451 34 1
15 2 9.89301245789 11.1043173963 15.3370703735 17.5288166766

16 1.37257775466 37 0

18 2.23797902372 29 0

40 5.4403314198 34 1
31 2 1.83702000004 6.89092035555 8.81525119335 10.8628597872

13 4.46361791762 33 1
7 2 4.81298006821 10.6684853966 14.7961630045 20.2124087188

15 0.757608404999 15 0

90 7.50516622608 37 1
67 2 9.32201247435 10.4610736266 14.8999319182 19.2417188549

80 6.13698581329 30 0

56 8.07661631923 36 0

28 6.26091290235 15 1
22 2 3.03082656684 10.2934304446 11.3663191767 27.9992454055

24 0.407606515421 33 1
21 2 1.90708191678 7.88992311223 13.1359586993 35.8041589262

30 0.145969318532 37 1
8 2 4.68725498298 5.42699053778 13.4850119738 37.7084406839

57 8.13896348933 28 0

76 2.94997237621 19 0

18 9.38078459067 19 1
10 2 8.1368617522 9.44055217081 15.7391732901 23.7802732585

50 0.500866401457 10 1
25 2 6.62224296882 11.479807407 12.8573255647 21.995662117

21 6.49365959024 12 1
8 2 2.78987496379 10.5367370759 15.5064422989 22.6346930265

43 8.50908166629 19 0

88 1.95231080591 36 0

28 3.77532949523 19 1
19 2 5.87655342031 8.28356008615 14.5956376701 25.3439893443

75 0.340298000553 22 1
50 2 6.565021834 7.32078637607 9.45581858337 39.5849368517

29 8.44461377873 22 1
7 2 8.22947078477 10.0671783532 12.7881976411 14.9878217285

91 7.91055298425 12 1
62 2 7.82157513511 9.09696732516 12.7535370007 16.7762638034

29 5.22899228386 17 1
16 2 8.6537343916 9.01902803354 13.2621644697 23.1422076041

75 9.77819919109 15 1
45 2 0.982755136507 8.77990060142 12.8053529127 16.870203733

81 5.98498447735 35 1
55 2 4.62679538927 7.70791662421 12.0867330914 23.7051743143

92 9.17911473571 25 0

48 9.86511917354 13 1
36 2 3.76880617357 11.872912897 12.8729736512 31.7342386634

81 0.512384772099 12 1
15 2 9.17919161686 11.6041847109 14.5006606525 21.7475794715

100 6.0603129915 24 1
3 2 7.14603317682 10.9217888578 11.2029492584 31.3594129429

65 0.502311189694 26 0

88 8.93726194808 10 1
27 2 9.6708870311 10.8388746109 11.3558442616 25.7501750393

59 8.01391197723 27 1
55 2 4.74464924529 11.938522166 12.8916450267 34.788864786

40 6.98963186161 12 1
24 2 4.98112202516 5.22159610442 12.6238869702 13.4867631069

55 2.14953987393 33 1
18 2 3.6068458704 11.2478993814 15.3759376161 19.3792247115

36 7.73914210531 24 0

93 3.41554523559 21 1
76 2 6.12544743377 8.12762236668 11.6705583954 15.9962378172

32 6.17475266642 16 0

81 7.58921453563 24 0

39 4.03315787378 33 0

32 7.37723493104 29 0

21 5.04401112811 40 0

55 2.02863154984 22 0

45 7.9931440646 18 1
2 2 5.80720250943 7.65671638154 8.02262579317 17.4085465042

12 5.73959855439 31 1
8 2 6.03167214812 10.05247456 13.615885357 23.8569010242

90 5.41209887021 27 1
50 2 6.89830930537 9.83225334381 13.0213244148 33.8097966121

87 7.43926785794 14 1
31 2 5.45516531754 9.67296871874 12.2560984595 24.0197176455

91 4.00599105035 15 0

96 5.45639487023 29 0

79 9.53494142207 21 1
31 2 0.540778383263 9.32083187358 9.71297207733 21.4825539599

50 0.457815178693 37 1
19 2 2.26247179415 4.53694853727 4.91751425074 15.2827042407

58 7.10868542222 32 0

68 2.64944446352 21 0

41 7.7600521163 39 0

69 1.71184113725 31 1
18 2 2.58346239821 9.1121894349 14.0642522455 32.9649181522

31 9.74451162367 13 0

61 0.809597087922 25 1
23 2 5.10207748587 6.51880796584 12.0084185169 39.3129403353

98 4.85814241901 37 0

59 4.02702069774 13 0

10 2.81989446383 35 0

52 2.4669116218 34 1
43 2 0.0761997669567 11.6023848444 13.6113777228 23.9722874944

90 9.67831226131 39 0

43 7.5728925539 20 0

76 7.14464136332 22 1
15 2 7.37805648011 11.2096629676 11.5915809886 38.5783601004

25 0.901368944935 24 0

14 2.93687838612 34 0

72 3.91565945946 30 0

91 7.26432002497 23 1
21 2 3.01441288995 4.1655587078 9.96085924436 12.1648496175

56 9.23491626708 22 1
55 2 2.1124815107 4.74272367861 14.8973006961 16.1296613014

65 2.89240753074 29 1
44 2 6.58967523141 11.9044448492 15.4571208425 19.7248115561

47 3.19956899073 15 0

87 1.61336296236 13 0

80 8.94717839396 27 0

34 8.84467694385 19 0

15 8.25855515234 10 0

58 7.52796213247 15 0

91 7.33977454118 22 0

79 6.11902643107 37 0

15 0.120764578151 38 0

70 7.96288732054 30 0

22 0.460100750969 24 0

52 7.37901711264 21 1
46 2 4.15867600173 8.44992400109 9.46880827794 19.5371555303

100 5.74546512544 26 0

52 6.71021508871 15 1
51 2 0.687905322159 3.56103342575 10.7537216143 19.0445432413

79 6.93583900916 16 1
36 2 3.14220475201 8.58890313898 12.455322356 38.0231363059

73 3.74663166893 11 0

26 8.41329494741 25 1
17 2 5.44266064868 9.6743562973 12.556280231 31.4922460204

43 6.31437544867 16 1
30 2 2.41719792894 7.45485934642 13.5450574986 21.9882641303

10 9.21961036689 38 1
1 2 8.83988109221 9.08512564606 11.4800911795 25.733291568

96 3.75001278069 35 0

14 2.42453707067 17 1
2 2 1.14243808133 4.73022420444 9.25471739779 27.792116118

46 2.50749367678 22 1
26 2 4.12102070732 5.58290603062 13.0079691557 19.3457275412

94 4.45643219251 33 1
67 2 6.82744451024 7.10823967864 12.7522500309 37.1911502452

38 6.47374387411 34 0

73 3.47683938444 16 0

24 3.19932265258 13 1
20 2 5.06008354806 6.50232215116 7.58526522805 17.6362936386

34 1.72732404929 20 1
9 2 3.76859739462 6.12607133496 12.1263347122 23.5506532673

34 1.0142191318 23 0

79 1.35685435403 20 0

77 7.45051745457 19 0

16 8.53930357151 30 0

76 6.02376243256 26 0

24 3.97292022717 32 1
17 2 9.80767021541 10.2950704777 12.6502921681 27.2894926394

32 9.78259376939 16 1
3 2 8.89105890294 9.9666726049 15.6929585741 38.0297215742

93 0.799512503838 25 0

81 6.34544814973 28 1
1 2 3.27652748128 7.50273914653 15.3479463339 16.070695444

20 7.87080106232 18 1
1 2 6.24802760263 11.2771886339 11.9473194313 28.4861261488

86 5.44240578487 39 0

99 9.7821153086 24 1
21 2 3.34425991395 5.49032700523 9.18364222272 12.8072647401

11 9.70298355913 38 0

53 3.10171454865 34 1
8 2 8.50144085077 9.68646312081 12.4618757619 19.643044426

16 5.76035682644 21 1
12 2 3.62857722145 6.73316544175 15.9983924547 39.4025917173

29 0.309762290622 17 0

72 6.77639042219 33 1
56 2 8.62132290026 10.4563166894 14.7504627707 20.7772854337

45 6.56371775791 21 1
20 2 3.08695400162 8.25762398971 9.71733204043 18.8447866651

31 5.97633855288 33 1
9 2 8.00261014339 11.0402297683 13.6248536849 22.1759210253

13 8.24904757785 39 0

93 9.91667927397 39 0

77 2.14330056162 13 0

40 5.17384212113 30 1
36 2 4.17996913834 11.8689324784 15.3836745848 33.8432875311

36 9.9223202016 10 1
22 2 8.65362379762 10.3389027247 13.5654274224 39.298001712

99 0.118019896669 17 1
60 2 0.330961711965 0.900384300551 7.16812877472 34.983944701

47 7.89233058951 22 1
32 2 7.32656346874 11.1579320407 11.9910466864 38.7284720203

31 4.00555413043 21 0

95 8.11671775262 19 1
31 2 9.43992419514 11.7155362513 12.0062329243 26.1246057428

85 1.05778889813 33 0

52 9.72072421668 26 0

42 5.54046379899 12 0

88 2.778030586 12 1
87 2 4.46019836774 8.95014628194 10.1309110854 29.548575713

60 0.59631735905 25 0

79 1.42816121395 32 1
3 2 5.31335351939 7.99881196416 14.1471225742 21.2258422416

50 9.50528402899 35 1
8 2 6.14152684493 11.7695777403 11.9622739104 24.8154901566

51 4.52491545745 22 1
14 2 3.4002816166 4.83986678704 10.342844436 26.0098711305

62 3.0580835028 28 1
32 2 0.446245482765 6.206528919 7.01521048403 28.2117918057

24 2.66532240037 25 0

37 1.31126545646 19 1
22 2 1.61986607187 10.0344840439 13.3047252118 19.3462464959

18 3.23574524749 23 0

34 2.63273354091 38 1
15 2 3.20561343312 11.2949772056 15.5447214623 21.2909257056

92 7.34731236676 10 1
31 2 7.69949742077 11.3244693274 11.8258680538 12.7958061784

14 0.164346864882 27 0

96 8.8881754191 24 1
30 2 9.57117552941 11.8510502373 13.2033113458 16.5490246172

84 9.22029350616 36 1
83 2 1.76055396296 3.75506991543 15.8135686086 29.9856800142

59 0.903891742048 25 0

33 5.56123010716 40 0

13 9.97638618871 33 1
7 2 1.64110299786 2.99607277836 14.5552884522 36.8199589153

18 9.5000593206 26 1
6 2 5.24066782544 10.1677548664 13.5447263781 28.1177791698

85 5.62358276701 25 1
6 2 9.13820164237 9.98201501184 12.2463106689 31.1678914056

68 7.84187384695 26 0

32 0.235584692417 25 0

25 9.04463972804 39 1
7 2 8.56807880528 9.60028116791 10.074614256 13.8543609197

19 7.19849185311 29 0

25 1.9067373723 39 0

56 5.14055189218 39 1
3 2 9.64374270665 10.5899291493 13.687912844 35.0556129291

72 6.37991844204 12 0

66 9.19795058157 18 1
38 2 8.95769581424 10.2585510342 14.8384319459 25.5957449409

58 5.03692356275 40 0

86 6.39116902135 23 0

44 7.91645556729 19 0

67 2.94779280187 35 1
64 2 7.44453758453 9.70420312601 10.5596012168 37.4430016278

48 0.341513983182 38 1
11 2 1.64169770077 5.83882515989 14.8976325143 15.4179552501

31 6.74548922216 15 0

26 8.58142505395 11 0

59 1.67172422275 16 1
45 2 7.26989041378 8.28029253412 15.8948542181 28.9400730469

57 7.69230304234 14 0

58 4.52328870773 31 0

35 0.630735435198 24 0

59 1.95733226678 28 1
41 2 5.06640487585 8.65282091806 12.5524241979 28.529594418

66 2.24259883343 19 1
5 2 0.29094914479 9.77609595041 14.3948531391 17.9129136308

48 6.63811302447 12 0

74 6.08699820648 34 0

73 7.38882453134 28 1
61 2 5.21762769787 11.2779290926 15.9105238976 19.952903391

27 4.9115681987 24 1
20 2 6.12907238357 10.7694448962 13.9064360039 38.2147979364

65 1.10333488567 19 1
8 2 5.24744306267 11.7391493439 15.2276244168 39.5720314428

75 0.482304378252 39 1
32 2 4.36551981792 9.57423958669 14.9524373159 36.8822015725

97 1.68608801799 22 0

46 7.80388328143 23 1
10 2 9.61296637326 11.2602146014 12.0664482066 29.6811610337

92 2.02629212095 30 1
25 2 3.84246722401 6.10256617716 7.40043060169 15.5492722823

36 9.23320844448 16 0

29 7.56163621626 32 1
6 2 1.42661245628 4.54479592938 4.95152915787 16.6364750671

33 0.251736611256 21 1
18 2 6.96253309226 10.852559181 15.8010461068 27.5085733111

76 1.78679339459 24 0

63 3.35490074934 30 0

72 4.81072995009 33 0

16 1.89982403391 22 1
10 2 6.35194354342 8.9026018996 15.9082378541 33.8345595191

23 6.31024933357 26 0

48 4.79041346271 34 0

43 0.715589788328 27 0

63 2.70163727501 34 0

33 5.41336700167 34 1
16 2 2.11414433323 6.7558326172 9.02005425347 33.9341879921

51 0.665212264288 12 1
45 2 6.20547838859 9.73779877721 13.9108153798 21.8956273615

30 4.33101151992 16 0

56 5.56814787916 31 0

17 0.742798391697 37 1
5 2 9.32376902092 10.8709902672 15.7200056178 29.0873040731

52 7.07293387341 37 0

42 2.73082857545 38 1
29 2 3.42454131625 5.74251538136 14.5663378757 39.9690401533

70 6.13254653818 24 1
49 2 9.82170445178 11.1248906382 13.991991576 26.1669645677

86 3.83349021675 39 1
2 2 8.39029003637 10.4746723116 10.9377511891 19.3978127919

77 9.92244903621 32 1
67 2 6.83509813166 8.45226797538 14.0667821967 37.45633908

83 3.54786559155 35 0

92 1.9677539198 10 0

19 4.62044459016 38 0

13 7.23590994833 24 0

34 4.67319520602 39 0

28 5.31993856769 31 0

65 6.80454601149 37 1
7 2 9.83879377816 10.4588482195 12.6883692633 18.1327944357

60 8.87152095132 35 0

53 0.671213030057 13 0

61 3.94224047662 28 0

35 0.648084546963 29 1
14 2 1.75329270587 2.67268488876 9.34557296305 9.48486142618

68 5.14392404583 33 0

80 5.69367720902 23 0

47 0.779345933335 29 1
12 2 9.9796440026 10.0970120263 15.3360638286 18.8360286788

27 9.00209422708 19 1
12 2 3.24897630089 5.37160826281 15.3621102098 22.7436961132

31 3.52684850954 18 0

94 3.18276129923 25 0

79 9.42609064628 13 0

88 5.64216959616 21 1
56 2 5.68828381218 11.4725720892 13.904105198 20.1540716024

100 3.24538547096 40 0

46 2.52082628727 11 1
12 2 2.36627442237 3.75965287124 8.40719284851 30.1378389109

60 3.70547771837 24 1
5 2 0.38312236225 8.33707267592 10.6493340814 27.5194939591

56 8.79058329321 17 0

16 8.19793328081 21 0

69 1.55721638453 10 1
52 2 3.3130112463 4.72650687933 8.68880327499 35.8500771903

83 1.18945894315 27 1
55 2 2.63663519203 7.18630456326 15.40729913 30.6622906832

49 5.15315840833 27 0

80 1.45448392858 35 1
70 2 5.02675668392 6.01435094889 9.11946899754 28.3564545565

85 5.3734878412 33 0

53 3.33175620441 37 0

11 4.85356401585 22 1
7 2 0.0534284492053 7.51638818149 10.8201440039 36.0758964108

91 0.556182065862 19 0

78 6.69703865757 17 0

95 9.09138169113 18 1
65 2 5.99700089996 7.26881800188 13.8447643072 17.4689633693

95 3.10263937442 17 0

11 5.7163170034 40 0

23 7.44988992905 24 1
14 2 2.21285235982 4.36267931186 11.7244832878 33.9256275787

96 9.77555609929 24 1
58 2 9.98388148639 11.8468376252 13.1372498063 34.3605512626

85 2.54325591256 33 1
71 2 8.53957937122 9.2151014735 15.3074054151 19.0791567443

28 2.51417185379 32 1
6 2 9.96001619046 11.7804437288 14.9625191891 26.6934881774

46 0.877875031063 21 0

21 8.30552061116 26 1
9 2 6.77718805744 9.13597736539 10.1211582355 26.5949404415

21 9.55282692711 11 0

55 5.81973982692 29 0

19 6.82442519777 22 1
10 2 5.75256588601 8.30134910611 11.4866085783 26.1073698691

85 3.85879682914 35 0

21 9.62937942622 17 1
4 2 4.68898563388 10.5788283159 11.049402882 38.001606467

40 8.94532203275 28 0

72 2.4822088366 40 1
7 2 9.40868738669 9.58888405899 15.3567329818 34.058489074

96 5.08895637961 27 1
64 2 3.73189856128 6.58804449973 8.02809929817 28.3181811299

41 0.357538069336 21 0

75 7.41161610972 20 0

22 7.68712815763 38 0

35 3.39002231195 14 0

36 8.90330167548 11 1
19 2 7.44797483556 11.100882288 14.9379115543 17.5192655218

98 7.87583212546 10 0

32 5.48877920995 18 0

60 5.31022114576 17 1
44 2 6.50734303507 11.5491619311 15.0851637344 18.5651682498

66 9.52733998497 19 1
24 2 8.935533876 10.9261038928 13.8931979579 19.8194248551

29 1.61044105846 14 0

26 8.91264741307 31 1
22 2 7.6047017114 11.3482606663 13.9543203471 34.4900520911

41 3.35100167506 36 0

87 4.10040543399 17 1
71 2 9.56938783803 9.9714152236 13.2734385732 37.5293882489

52 8.74059971883 33 0

49 3.4522658024 29 1
34 2 2.82308831824 5.95271977703 7.6274259422 20.2634300918

32 2.0459786326 16 1
23 2 0.607956833133 6.70858722332 15.5329814123 23.6840947241

30 1.30619637426 31 1
5 2 0.720098932089 2.27444824539 6.27790287645 20.6978669136
