147

146.246858056 6.1951057225 27 5
49.5138307578 1 17.7012425294 21.580419685
55.464572006 3 5.81205178752 13.056659439 14.673360765 16.2792759556 16.9251178571 18.5602613877
80.5878458479 3 6.12627036527 8.963194615 15.537796195 18.2122082628 19.0118193128 20.4765329164
121.380330103 1 12.3157890856 14.1930150115
140.333188265 3 1.74652889409 4.89422982728 13.8738667782 14.4428400252 18.5580992664 18.9023972883

240.334126314 5.1310938886 28 3
153.146899942 1 11.3529358364 16.2954321412
187.436204082 2 4.16199432186 4.82066868594 12.2858245542 18.1105608049
210.705874221 0

217.542486856 6.02226836177 30 5
56.9361999623 2 13.258064814 14.1263904789 15.8068930023 20.2002130416
75.4244602812 0
122.122084965 3 1.86779698159 5.66141705768 7.70660958772 12.1245505552 17.4830491202 18.6797413362
179.123532405 2 15.5649815017 17.248540042 17.4329513128 19.0889823042
208.910330209 1 12.4385104022 19.1421856889

23.7945167179 3.39333624279 24 5
4.74789322409 2 9.55519680825 10.8657791792 13.1357032473 20.2935293202
12.3041292335 0
12.3460330802 2 8.50315496579 10.5134749957 12.475660445 14.258595706
13.3099454188 3 0.845633925671 6.31923971845 10.3183646473 11.4154746798 12.2310743369 13.7313602994
18.0521897511 0

258.513396401 6.79627227153 27 3
30.3417055975 1 0.166686724207 3.99959317732
80.4527589461 3 6.43683374878 6.93071061044 10.101832609 10.5861444136 10.9300388213 15.4267884677
202.970323026 1 1.62306343564 1.97662019791

69.7612029506 5.49430103145 18 3
34.6330728845 0
44.8179568348 1 4.82366914295 11.1139044922
51.2121912666 2 6.58650992847 9.20805038552 18.2366948165 26.1653258579

13.8988882951 2.94900813455 20 3
2.51084203978 1 15.5458395288 19.5052560484
6.95243605868 1 15.6197707331 18.722340913
11.9249872898 1 3.3775320828 5.27324489342

1.0 1.0 30 2
0.49 2 0.0 80.0 80.00001 200.0
0.51 2 0.0 80.0 80.00067 200.0

244.642486889 0.596980682515 23 8
1.0 1 3.66070602822 1000.0
4.48361534961 10 4.0 11.0 18.0 25.0 32.0 39.0 46.0 53.0 60.0 67.0 74.0 81.0 88.0 95.0 102.0 109.0 116.0 123.0 130.0 137.0
10.2873161372 25 0.0 3.0 6.0 9.0 12.0 15.0 18.0 21.0 24.0 27.0 30.0 33.0 36.0 39.0 42.0 45.0 48.0 51.0 54.0 57.0 60.0 63.0 66.0 69.0 72.0 75.0 78.0 81.0 84.0 87.0 90.0 93.0 96.0 99.0 102.0 105.0 108.0 111.0 114.0 117.0 120.0 123.0 126.0 129.0 132.0 135.0 138.0 141.0 144.0 147.0
44.538295303 19 0.0 4.0 8.0 12.0 16.0 20.0 24.0 28.0 32.0 36.0 40.0 44.0 48.0 52.0 56.0 60.0 64.0 68.0 72.0 76.0 80.0 84.0 88.0 92.0 96.0 100.0 104.0 108.0 112.0 116.0 120.0 124.0 128.0 132.0 136.0 140.0 144.0 148.0
103.394763515 24 3.0 6.0 9.0 12.0 15.0 18.0 21.0 24.0 27.0 30.0 33.0 36.0 39.0 42.0 45.0 48.0 51.0 54.0 57.0 60.0 63.0 66.0 69.0 72.0 75.0 78.0 81.0 84.0 87.0 90.0 93.0 96.0 99.0 102.0 105.0 108.0 111.0 114.0 117.0 120.0 123.0 126.0 129.0 132.0 135.0 138.0 141.0 144.0
151.692282338 12 0.0 6.0 12.0 18.0 24.0 30.0 36.0 42.0 48.0 54.0 60.0 66.0 72.0 78.0 84.0 90.0 96.0 102.0 108.0 114.0 120.0 126.0 132.0 138.0
155.466187295 15 2.0 7.0 12.0 17.0 22.0 27.0 32.0 37.0 42.0 47.0 52.0 57.0 62.0 67.0 72.0 77.0 82.0 87.0 92.0 97.0 102.0 107.0 112.0 117.0 122.0 127.0 132.0 137.0 142.0 147.0
173.985128205 18 4.0 8.0 12.0 16.0 20.0 24.0 28.0 32.0 36.0 40.0 44.0 48.0 52.0 56.0 60.0 64.0 68.0 72.0 76.0 80.0 84.0 88.0 92.0 96.0 100.0 104.0 108.0 112.0 116.0 120.0 124.0 128.0 132.0 136.0 140.0 144.0

0.708691960415 1.41105029527 30 2
0.347259060603 2 0.0 56.6953568332 56.6953639201 141.738392083
0.361432899811 2 0.0 56.6953568332 56.6958316568 141.738392083

293.147990427 4.86930568823 3 0

0.633346788101 1.57891382539 30 2
0.310339926169 2 0.0 50.6677430481 50.6677493815 126.66935762
0.323006861931 2 0.0 50.6677430481 50.66814839 126.66935762

280.930402614 1.20136935923 27 1
1.0 1 2.58051696114 1000.0

45.0675345353 7.03920586208 14 6
2.32489082554 1 3.80833873241 6.13038333409
6.44731384219 2 11.575725178 17.3948438995 19.1185859368 25.9488324307
29.2176297717 2 0.489324947314 2.61580428121 11.7062405912 17.4101020682
29.6429189476 1 17.9113067283 24.0647966748
29.6649491208 1 16.316249306 22.6720008203
44.6401614726 1 1.89713623132 3.84880610806

19.6844944067 8.79550557457 21 4
3.80725388773 1 17.5492246316 23.5985903879
11.6727910219 3 3.6699438168 7.70563730205 8.68968041858 11.2706912696 18.3045297696 23.1609672516
15.0073908479 2 5.42505621619 6.33183559406 8.1193174778 12.8832287525
18.257608045 1 2.94971554046 6.96705840094

152.380091405 3.11451571177 9 6
0.66686559705 0
0.901966507643 1 1.32594399173 7.81302881307
32.8700147137 0
38.9334888295 2 3.72199666172 5.17715903053 12.9139181509 21.2374626598
80.4426920416 2 7.25456080508 10.0535427098 12.8818472072 20.9115463786
119.975070005 1 0.972731288296 4.47483010181

227.858565836 3.02528512164 2 4
130.084749152 3 3.05959918732 4.22734110525 6.83426741145 10.7681646705 19.7512884396 20.4327657519
141.912778273 2 7.47903290858 11.0004254584 19.4609851431 28.3336679879
163.29875327 3 6.95542260626 8.43627527394 11.3924274208 14.648536543 17.2077234392 18.0467931933
181.961443993 1 11.8027084842 21.0784253147

99.689896828 6.84596215887 14 0

239.849557586 7.49071503312 14 2
132.88855142 0
159.682156711 2 7.57539766191 8.06643245111 10.8003911013 13.414266637

141.283517022 8.23038349931 18 0

249.293837776 8.28083371024 14 6
35.521711109 1 1.96369066135 10.9045578
120.438107907 3 8.32588290952 8.67442852506 11.4201184483 11.5315057952 15.8362287771 18.7474466265
124.538620904 0
127.105585197 2 6.12455606456 11.539615069 19.641708642 21.3591510288
155.613750994 2 10.4558247796 17.2114874922 19.5870856521 20.7820699006
163.453392341 2 3.65658564841 6.77298225089 6.77632979147 15.6721711816

154.858428875 2.6037276084 22 2
106.035588347 0
124.077038329 3 9.90138667826 17.4328414735 18.1444327218 18.2021616536 26.2300089564 27.4766829022

263.006319403 4.80581272754 16 3
115.155866421 3 0.825501721834 8.10148319668 8.22465906951 11.7620518617 19.5350563661 20.9362683086
172.896348059 3 1.356632925 5.27301620262 9.71179607595 9.74912882021 12.6171969977 19.6067484291
182.883885843 2 5.80648348822 10.1868336945 19.7265044819 28.321830337

266.499476075 3.64588939026 20 1
166.869678129 2 4.98224523904 9.83151347588 16.8664360065 25.3921798477

23.8283998628 4.81886011677 21 3
0.152247046671 0
10.3528108604 1 12.1628394481 17.6226732009
13.3644475577 0

295.577021651 7.00919164162 11 6
8.51139081017 1 13.4550050806 21.7194626661
70.2881568883 1 8.29784520245 15.8410821839
94.1987023309 2 5.71060843737 9.89243296972 15.6675542909 16.8735338916
164.744376013 1 3.37608494314 12.0212734208
231.581017715 0
244.007823475 1 12.1355256048 14.3119116985

140.0 1.0001 30 27
50.0 2 0.0 9.999 10.01 2000.0
92.0 0
93.0 0
94.0 0
95.0 0
96.0 0
97.0 0
98.0 0
99.0 0
100.0 0
101.0 0
102.0 0
103.0 0
104.0 0
105.0 0
106.0 0
107.0 0
108.0 0
109.0 0
110.0 0
111.0 0
112.0 0
113.0 0
114.0 0
115.0 0
116.0 0
124.0 1 0.0 1000.0

209.650224761 8.56573216678 28 1
155.939059969 2 6.30307459002 8.41921949122 17.5189477309 26.5656944052

136.472069803 8.68537216214 8 0

81.8785346903 6.29636265585 27 4
0.452451441745 0
27.6267254292 0
36.732530494 1 0.700077326531 8.27461368543
38.1817392114 2 11.0214331457 14.7439046583 19.0402920595 22.9274688374

68.9970783401 1.87643454255 29 0

94.0326903078 2.28103237796 19 1
1.0 1 1.87274768355 1000.0

254.605797405 8.23222909209 30 2
12.3651789433 3 10.4052298633 11.1826129396 11.6729823627 14.0650731935 19.8250173574 23.4095332146
63.5051501676 3 1.64814846332 6.21903897762 9.41423059215 10.3103247776 12.4777566921 15.7700150628

38.4049089241 7.35025523762 6 1
17.9131807895 1 8.7673045218 13.2182740707

80.494548874 1.73942213428 30 27
28.7480531693 2 0.0 5.7490356728 5.75536024449 1149.92212677
52.8964178315 0
53.4713788949 0
54.0463399583 0
54.6213010217 0
55.196262085 0
55.7712231484 0
56.3461842118 0
56.9211452752 0
57.4961063386 0
58.071067402 0
58.6460284654 0
59.2209895287 0
59.7959505921 0
60.3709116555 0
60.9458727189 0
61.5208337823 0
62.0957948457 0
62.6707559091 0
63.2457169724 0
63.8206780358 0
64.3956390992 0
64.9706001626 0
65.545561226 0
66.1205222894 0
66.6954833528 0
71.2951718598 1 0.0 574.961063386

248.142777715 2.0605742651 16 4
105.328558325 3 7.05883642094 9.30197310217 12.243587193 15.6177528445 18.6981844053 21.4722827686
132.321008217 3 8.94483061712 9.39218288032 9.867019461 12.7505405408 19.6538909159 29.1355885387
147.528085541 2 4.14505002322 4.42879102943 9.47457758129 13.4340047039
229.53476046 3 5.20931786982 11.0322971445 17.9676464505 18.8539937763 24.4330449657 26.1484196729

184.57628078 4.72622792031 25 3
139.510315975 1 15.7118347649 15.847169512
149.353819523 0
176.309774639 2 8.01697277682 14.2123228154 16.2551065781 24.6701267365

152.16865281 8.91008822766 3 2
56.7338072611 0
57.7115603801 2 9.09654116383 13.2707638127 13.5838959052 13.9000069564

130.0 1.00001 30 27
50.0 2 0.0 9.999 10.01 2000.0
92.0 0
93.0 0
94.0 0
95.0 0
96.0 0
97.0 0
98.0 0
99.0 0
100.0 0
101.0 0
102.0 0
103.0 0
104.0 0
105.0 0
106.0 0
107.0 0
108.0 0
109.0 0
110.0 0
111.0 0
112.0 0
113.0 0
114.0 0
115.0 0
116.0 0
123.0 1 0.0 1000.0

7.0 1.0 6 2
1.0 1 1.45 1000000.0
5.0 1 0.0 20.0

249.765734123 0.813430363204 8 4
74.0632850318 2 0.969895205119 4.09740912966 6.87057240855 10.5780574747
212.178783566 1 14.7519239631 21.5250773311
215.576949438 0
229.013633775 3 3.66506676704 5.37457101391 11.2262207145 11.8548347422 13.4799803996 17.0955200597

1293.0 1.00001 30 3
450.0 1 30.00001 5000.0
850.0 3 30.0 49.99999 50.00001 69.99 70.01 130.0
901.0 1 0.0 131.0

67.4115803186 8.75353965513 3 0

37.845387809 7.0352353381 29 6
3.9123331718 3 0.364941802606 5.20420452224 9.56875354167 11.3627380937 14.8321884059 16.3759961348
8.64457222314 3 1.86389583946 5.5741191899 5.93340109555 6.57625553601 10.3766631015 11.1320684046
13.107734918 1 18.1888150732 20.2966634989
13.5018777907 2 2.03600659461 3.3942077903 18.1473757853 28.0106670324
15.1031347955 1 0.993775682218 4.92850600769
35.831136981 3 7.36494759562 9.81003688154 15.7050910053 18.2988595943 18.492813563 27.2574468227

61.4390199988 0.153077544852 20 4
25.9193314363 0
32.4272344781 0
34.5180041286 0
61.1455410285 2 12.0239678371 15.8271183152 17.1992321112 17.872612619

33.6057529486 7.79461981648 4 4
6.07824874241 1 10.4285753301 13.6920453972
19.8798403335 3 2.96493482294 4.81146937671 10.7364744535 16.2681092533 16.63847685 16.8314842711
28.5696929944 0
30.527465318 0

289.638185353 2.96956501781 5 3
163.564822199 1 10.1637030009 16.9990438487
226.907590394 0
239.067571743 2 14.0357949031 18.8844723482 19.2090989241 27.9000566551

202.129759929 5.90845370425 8 3
74.8397452654 0
124.293521971 0
173.855253238 2 6.07471290155 12.1949481973 18.5033932309 21.6877459769

272.708554954 1.3469136642 21 6
184.546300152 3 10.0667191753 11.9616539736 15.0038899388 16.1059266268 19.1659793098 19.9582279115
192.68075943 2 10.3075407648 14.7305799667 17.049876568 18.5291666319
212.901719739 1 19.4013601433 26.8725516607
216.30559568 1 6.20216070975 6.59834223369
230.069654828 3 5.19030256069 8.68661788465 12.565827451 13.4451615136 14.4194043977 18.0992653588
240.859702846 0

4.03495181243 1.73484104034 6 2
0.57642168749 1 0.835811446861 576421.68749
2.88210843745 1 0.0 11.5284337498

16.7480136785 0.63567262006 11 1
2.29397307494 1 5.70705131164 9.41402662944

131.894132963 0.521089149867 5 2
45.5884076017 2 3.35643091079 3.8924258137 14.4515097296 23.6815858997
100.902379758 1 13.2197228572 18.6173290647

31.0 1.001 30 30
1.0 0
2.0 0
3.0 0
4.0 0
5.0 0
6.0 0
7.0 0
8.0 0
9.0 0
10.0 0
11.0 0
12.0 0
13.0 0
14.0 0
15.0 0
16.0 0
17.0 0
18.0 0
19.0 0
20.0 0
21.0 0
22.0 0
23.0 0
24.0 0
25.0 0
26.0 0
27.0 0
28.0 0
29.0 0
30.0 0

146.694787355 2.54766089311 21 2
1.0 1 1.77204270212 1000.0
74.5950656362 4 171.179449919 177.361720308 201.353076584 210.201142657 239.68275989 252.241920124 270.288152614 281.641927764

114.678015036 8.74435395978 8 5
7.60407061058 0
65.789430341 0
74.0853091338 2 2.72309878799 6.65383176133 7.48719466228 11.1049286323
79.7517709789 1 18.4351103764 26.4932587396
103.979251618 3 2.25093403833 8.494538441 9.06659903611 12.2323214244 14.4127397836 15.2934202856

257.914322725 0.971215891899 11 5
43.614927064 0
79.8248579975 3 6.37403335211 6.84177189251 12.3370700392 12.9410083636 13.4753729749 19.6728433502
94.1319368209 3 14.7802259279 14.837952935 18.4917328189 21.1895201825 23.0930651225 23.1883619976
106.193586606 2 1.44758090755 3.89492780169 7.29749147768 10.0939241953
184.443621592 1 6.68838108532 16.6716899866

265.839871009 1.71773509618 9 4
1.0 1 2.15807681481 1000.0
4.3737193585 1 142.441423933 156.376075182
53.353795286 3 117.490809879 122.49010652 154.92658181 160.935065243 167.493712427 170.541543184
129.893147205 4 130.749469607 147.121871486 182.466376366 197.391133058 208.774746881 225.753443452 261.787506163 271.128411882

178.368784358 2.29869855206 16 5
54.9463395571 3 0.0921758461796 3.90322453724 4.30274622398 7.37852612951 16.6989761833 26.2722498752
59.5452347375 0
81.5128563379 1 7.75530687654 16.4233836597
134.313519145 1 18.1957148199 22.1594975582
136.831901112 0

110.721323487 1.35475259215 40 3
36.9071078288 2 0.221442646973 7.1599789188 7.6766784284 221.442646973
37.6452499854 2 0.221442646973 7.1599789188 7.6766784284 221.442646973
76.0286421274 2 0.221442646973 26.4993034211 27.4588882247 221.442646973

146.764500133 1.8103669412 23 1
90.0960694732 0

278.984385589 1.75177199406 13 7
1.0 1 2.13700827591 1000.0
56.928644543 4 147.7740375 151.830559499 205.844087291 219.147464016 252.189716907 270.375033378 293.400247816 293.452504628
98.7048095961 1 271.287577562 271.701246878
153.573536646 3 181.469388366 183.91694643 193.119615041 198.086296343 200.24060528 202.312192964
154.69744332 1 12.9978354642 19.8106895696
198.320049009 1 5.45812425138 14.3593799605
245.559164264 4 14.3614957947 18.8901363122 60.8583805739 66.4643661168 203.294498634 221.712326527 299.533315502 310.361050744

129.084777845 5.19039268341 7 6
4.88517200217 0
61.3481544464 1 2.22043986405 4.64538473588
63.2146659556 1 13.0709902872 19.1264891993
68.0920236333 3 1.55694854066 3.32246631753 5.85888189957 7.28449907669 9.7353202083 11.0244921728
112.141828828 3 8.76731308143 14.6855149211 17.9715089445 19.3369715068 20.1128040894 26.5351944777
124.222788823 3 2.71030847542 5.44895688173 12.3466305527 13.3055563767 19.5804646191 25.1208332443

281.102701071 5.11788100763 1 4
146.016032643 0
147.042800873 3 8.48511597298 8.83231880178 13.2826856442 13.7044096377 15.2897165489 18.4202362191
187.788539087 2 6.00646718961 6.99183632649 8.31845344593 9.65028434829
233.76981438 2 6.30503370085 7.78281954183 16.3731930435 25.9922770095

182.985941119 7.31469646031 9 1
50.8010055313 2 5.57506751488 6.84601790827 11.7945161276 12.3272769148

182.873429509 6.50166185592 11 0

73.5742732092 1.90910638598 5 11
1.0 1 2.04705696521 1000.0
5.10858379172 15 2.0 7.0 12.0 17.0 22.0 27.0 32.0 37.0 42.0 47.0 52.0 57.0 62.0 67.0 72.0 77.0 82.0 87.0 92.0 97.0 102.0 107.0 112.0 117.0 122.0 127.0 132.0 137.0 142.0 147.0
5.54554879462 25 1.0 4.0 7.0 10.0 13.0 16.0 19.0 22.0 25.0 28.0 31.0 34.0 37.0 40.0 43.0 46.0 49.0 52.0 55.0 58.0 61.0 64.0 67.0 70.0 73.0 76.0 79.0 82.0 85.0 88.0 91.0 94.0 97.0 100.0 103.0 106.0 109.0 112.0 115.0 118.0 121.0 124.0 127.0 130.0 133.0 136.0 139.0 142.0 145.0 148.0
14.3184412458 10 3.0 10.0 17.0 24.0 31.0 38.0 45.0 52.0 59.0 66.0 73.0 80.0 87.0 94.0 101.0 108.0 115.0 122.0 129.0 136.0
15.9058978569 11 2.0 9.0 16.0 23.0 30.0 37.0 44.0 51.0 58.0 65.0 72.0 79.0 86.0 93.0 100.0 107.0 114.0 121.0 128.0 135.0 142.0 149.0
21.2646128336 15 3.0 8.0 13.0 18.0 23.0 28.0 33.0 38.0 43.0 48.0 53.0 58.0 63.0 68.0 73.0 78.0 83.0 88.0 93.0 98.0 103.0 108.0 113.0 118.0 123.0 128.0 133.0 138.0 143.0 148.0
23.4422781587 18 3.0 7.0 11.0 15.0 19.0 23.0 27.0 31.0 35.0 39.0 43.0 47.0 51.0 55.0 59.0 63.0 67.0 71.0 75.0 79.0 83.0 87.0 91.0 95.0 99.0 103.0 107.0 111.0 115.0 119.0 123.0 127.0 131.0 135.0 139.0 143.0
29.9355754979 19 1.0 5.0 9.0 13.0 17.0 21.0 25.0 29.0 33.0 37.0 41.0 45.0 49.0 53.0 57.0 61.0 65.0 69.0 73.0 77.0 81.0 85.0 89.0 93.0 97.0 101.0 105.0 109.0 113.0 117.0 121.0 125.0 129.0 133.0 137.0 141.0 145.0 149.0
31.1239060395 11 2.0 9.0 16.0 23.0 30.0 37.0 44.0 51.0 58.0 65.0 72.0 79.0 86.0 93.0 100.0 107.0 114.0 121.0 128.0 135.0 142.0 149.0
32.1046468058 11 2.0 9.0 16.0 23.0 30.0 37.0 44.0 51.0 58.0 65.0 72.0 79.0 86.0 93.0 100.0 107.0 114.0 121.0 128.0 135.0 142.0 149.0
56.524201034 25 1.0 4.0 7.0 10.0 13.0 16.0 19.0 22.0 25.0 28.0 31.0 34.0 37.0 40.0 43.0 46.0 49.0 52.0 55.0 58.0 61.0 64.0 67.0 70.0 73.0 76.0 79.0 82.0 85.0 88.0 91.0 94.0 97.0 100.0 103.0 106.0 109.0 112.0 115.0 118.0 121.0 124.0 127.0 130.0 133.0 136.0 139.0 142.0 145.0 148.0

25.0041608775 1.24103344847 30 30
0.806585834759 0
1.61317166952 0
2.41975750428 0
3.22634333904 0
4.0329291738 0
4.83951500856 0
5.64610084332 0
6.45268667808 0
7.25927251284 0
8.06585834759 0
8.87244418235 0
9.67903001711 0
10.4856158519 0
11.2922016866 0
12.0987875214 0
12.9053733562 0
13.7119591909 0
14.5185450257 0
15.3251308604 0
16.1317166952 0
16.9383025299 0
17.7448883647 0
18.5514741995 0
19.3580600342 0
20.164645869 0
20.9712317037 0
21.7778175385 0
22.5844033733 0
23.390989208 0
24.1975750428 0

83.7091542971 7.00092671905 16 1
27.1029130892 3 7.94680295459 9.08970400082 10.6092107615 12.2387794117 15.6525816676 22.577503989

30.502468547 5.83429390874 14 4
2.7054344861 2 10.4025378941 16.4521961089 19.6021233557 21.3072586007
3.74524848389 1 9.70074002246 9.80462681823
17.2814387715 1 6.20012635879 10.9418365498
27.9383661567 3 3.1182037381 8.6693415783 10.7608288311 18.9330350837 20.1920821039 22.8334108423

143.089344176 7.33914949205 27 4
3.40732765321 3 2.78016937052 3.28083874144 5.19706738648 11.4006890467 17.5379773008 17.9830390621
68.5403558002 2 12.8394957567 17.7120784231 18.1046482746 26.4271423676
74.9810512124 2 8.52377802592 15.3077145551 18.0795991957 18.6400035632
81.5357750008 0

158.591834746 7.06408897232 27 0

261.212701305 4.02765387174 3 0

251.51640651 5.06248735861 20 6
17.8475099007 2 15.6831766951 17.6046084001 24.2669622738 24.7412590634
64.7997727458 2 1.30160875205 9.59357316727 10.0646098657 16.0979259141
102.650366975 0
123.007126973 0
127.629287139 0
167.901199288 2 6.40183355398 7.14062420338 8.44853638525 10.4911290773

204.157968424 4.4029323978 10 6
2.30743324514 2 4.52594577249 4.7527704357 7.86168306941 12.4068926614
33.2281520508 0
41.671276034 0
84.708384747 2 9.44103587394 16.1278270141 17.873876862 18.5358421832
127.120666832 0
167.060998122 0

152.11595252 3.52098152115 18 5
4.33372528 0
16.5042115933 1 9.01643301879 9.45748237311
31.4397313522 2 6.45184274909 9.45972690028 10.2946108641 15.8166347159
134.118085015 2 5.17409163687 10.0258872395 16.6321032428 18.9912399195
137.026412318 0

187.821777086 2.90336455004 5 9
1.0 1 1.65994694956 1000.0
29.6377524009 24 4.0 7.0 10.0 13.0 16.0 19.0 22.0 25.0 28.0 31.0 34.0 37.0 40.0 43.0 46.0 49.0 52.0 55.0 58.0 61.0 64.0 67.0 70.0 73.0 76.0 79.0 82.0 85.0 88.0 91.0 94.0 97.0 100.0 103.0 106.0 109.0 112.0 115.0 118.0 121.0 124.0 127.0 130.0 133.0 136.0 139.0 142.0 145.0
88.3125017505 18 3.0 7.0 11.0 15.0 19.0 23.0 27.0 31.0 35.0 39.0 43.0 47.0 51.0 55.0 59.0 63.0 67.0 71.0 75.0 79.0 83.0 87.0 91.0 95.0 99.0 103.0 107.0 111.0 115.0 119.0 123.0 127.0 131.0 135.0 139.0 143.0
104.017963722 25 2.0 5.0 8.0 11.0 14.0 17.0 20.0 23.0 26.0 29.0 32.0 35.0 38.0 41.0 44.0 47.0 50.0 53.0 56.0 59.0 62.0 65.0 68.0 71.0 74.0 77.0 80.0 83.0 86.0 89.0 92.0 95.0 98.0 101.0 104.0 107.0 110.0 113.0 116.0 119.0 122.0 125.0 128.0 131.0 134.0 137.0 140.0 143.0 146.0 149.0
121.107227972 12 5.0 11.0 17.0 23.0 29.0 35.0 41.0 47.0 53.0 59.0 65.0 71.0 77.0 83.0 89.0 95.0 101.0 107.0 113.0 119.0 125.0 131.0 137.0 143.0
134.833033412 12 1.0 7.0 13.0 19.0 25.0 31.0 37.0 43.0 49.0 55.0 61.0 67.0 73.0 79.0 85.0 91.0 97.0 103.0 109.0 115.0 121.0 127.0 133.0 139.0
166.093109192 18 5.0 9.0 13.0 17.0 21.0 25.0 29.0 33.0 37.0 41.0 45.0 49.0 53.0 57.0 61.0 65.0 69.0 73.0 77.0 81.0 85.0 89.0 93.0 97.0 101.0 105.0 109.0 113.0 117.0 121.0 125.0 129.0 133.0 137.0 141.0 145.0
170.935410231 24 3.0 6.0 9.0 12.0 15.0 18.0 21.0 24.0 27.0 30.0 33.0 36.0 39.0 42.0 45.0 48.0 51.0 54.0 57.0 60.0 63.0 66.0 69.0 72.0 75.0 78.0 81.0 84.0 87.0 90.0 93.0 96.0 99.0 102.0 105.0 108.0 111.0 114.0 117.0 120.0 123.0 126.0 129.0 132.0 135.0 138.0 141.0 144.0
178.398247089 14 5.0 10.0 15.0 20.0 25.0 30.0 35.0 40.0 45.0 50.0 55.0 60.0 65.0 70.0 75.0 80.0 85.0 90.0 95.0 100.0 105.0 110.0 115.0 120.0 125.0 130.0 135.0 140.0

1.1 1.0 30 5
1.0 2 0.0 100.0 100.00001 2000.0
1.01 1 100.00198 100.011
1.02 1 100.0027 100.0034
1.03 1 100.00272 100.0038
1.04 0

1450.0 1.00001 30 8
450.0 2 0.0 29.999 30.001 2000.0
550.0 0
650.0 2 150.0 200.006 200.0065 1234.0
650.1 2 100.0 200.0 200.0001 1324.0
750.0 0
850.0 2 90.0 100.0055 100.0065 774.0
850.1 2 50.0 100.0 100.0001 774.0
1000.0 1 0.0 780.0

100.452713079 0.893649820651 7 4
18.9629886498 2 6.19984701269 9.40967813116 12.7756443584 20.8030344857
68.9012615299 0
82.2132051549 1 17.7764080284 26.1844773501
82.4145974216 0

46.4865299028 4.92785149198 6 6
3.46778934584 2 14.7795141598 15.0028376421 15.5302412749 24.8524855384
14.5215047486 1 8.22779615958 9.16791283323
16.9528912961 3 12.7743738653 12.8014328224 15.5104348398 19.1313173006 20.3513979626 21.6167928519
17.9747506533 0
39.9386552848 3 10.6426453756 10.6534811948 14.257574587 15.2994528602 15.3442061335 17.604986879
43.4444321898 1 3.50290160691 8.3888663102

113.016050778 1.63347671294 12 6
21.2530479242 2 11.7048585651 16.9347134709 19.0220991049 26.0888296837
41.6150661991 1 15.2483940087 20.2973467039
54.1483206508 3 3.92598979601 11.8707859148 13.208274834 17.6812881526 18.3748494667 23.8143005239
85.3386241246 2 12.9375642545 17.70327787 18.3196749276 24.3171989777
107.148389452 2 7.52322899619 8.62774381792 17.8813195424 18.1669550343
111.47950515 3 8.61487582017 10.1615542028 14.7710953244 14.9827739075 21.4931104699 23.0634208153

30.8748809529 4.10555001129 20 0

16.1043361082 1.22607664015 17 1
9.94624749055 3 10.1213538448 14.2027917093 17.1860395341 17.7239267971 19.517894122 22.3340764408

85.7934759505 2.06399791114 29 0

157.842800414 5.37466609153 4 3
14.1918736051 0
51.8635937715 2 12.5668059217 17.71644789 19.5351113051 20.3171655001
101.261949937 3 12.4148354064 19.2067851963 19.2687904631 19.383888185 20.558857023 21.527608183

175.857389108 2.31758101464 18 0

97.3408252685 1.54097727841 40 3
32.4469417562 2 0.194681650537 6.29470670069 6.74896388528 194.681650537
33.0958805913 2 0.194681650537 6.29470670069 6.74896388528 194.681650537
66.8407000177 2 0.194681650537 29.7862925321 30.6299130178 194.681650537

22.5277883551 7.968924757 13 3
7.90510205687 0
9.75472361217 1 8.12450566166 13.0938287857
13.8464835434 1 12.3839377424 20.2120340969

299.948326054 7.64342021352 11 5
103.458789382 1 2.32578264913 10.2397466403
165.502810046 0
203.632416352 3 5.6680628294 7.403984488 9.15322427025 12.0763785575 14.7111983773 15.4141399192
215.567439386 2 10.3698251848 12.6087743802 15.8121199454 22.0384722708
225.506330469 0

201.086967135 2.72581112335 15 4
1.0 1 1.7131567974 1000.0
28.387661894 24 4.0 7.0 10.0 13.0 16.0 19.0 22.0 25.0 28.0 31.0 34.0 37.0 40.0 43.0 46.0 49.0 52.0 55.0 58.0 61.0 64.0 67.0 70.0 73.0 76.0 79.0 82.0 85.0 88.0 91.0 94.0 97.0 100.0 103.0 106.0 109.0 112.0 115.0 118.0 121.0 124.0 127.0 130.0 133.0 136.0 139.0 142.0 145.0
120.267477631 11 0.0 7.0 14.0 21.0 28.0 35.0 42.0 49.0 56.0 63.0 70.0 77.0 84.0 91.0 98.0 105.0 112.0 119.0 126.0 133.0 140.0 147.0
162.084615805 12 0.0 6.0 12.0 18.0 24.0 30.0 36.0 42.0 48.0 54.0 60.0 66.0 72.0 78.0 84.0 90.0 96.0 102.0 108.0 114.0 120.0 126.0 132.0 138.0

219.505746465 0.969049652734 17 1
1.0 1 2.87324049292 1000.0

236.181598871 2.21370582231 19 4
20.5021805526 2 12.0211743667 12.5064203697 19.2225542422 21.7447559447
38.4575660002 2 8.93906856344 9.09878241774 9.48927838954 16.6394137877
47.966622925 1 14.310508143 24.0169779484
215.245804246 1 16.4119757809 19.3398736877

199.045644755 3.65386643796 14 6
48.9195633933 0
99.6374709578 0
103.354796439 3 0.560338428277 7.39118744481 7.87500073875 14.2598007758 16.3424927948 18.4473046959
139.474490707 1 2.34649193672 4.87384509491
156.792894328 0
157.664773922 1 4.94891812724 12.8863886212

66.4124051023 8.07163439534 21 4
3.37793591205 1 9.37492918372 10.2601299969
22.9661253151 1 7.13779663483 12.4386135054
60.4353092624 3 4.30771444274 6.7661845645 10.3245237136 13.7053394495 14.697831843 15.8340788776
64.8421341121 1 9.78174478436 15.533143363

201.183131105 2.8976109906 11 0

150.0 1.0 40 3
50.0 2 0.3 9.7 10.4 300.0
51.0 2 0.3 9.7 10.4 300.0
103.0 2 0.3 45.9 47.2 300.0

90.1563236576 2.77545909312 9 7
1.0 1 1.69776500748 1000.0
17.6934327972 1 217.434911569 220.148053274
43.1518850707 2 80.2366837963 87.9839496212 92.052929173 99.0707884537
61.9550559073 2 182.218919755 187.308575052 218.697807732 234.987881636
70.0128782547 1 113.136255115 119.921227311
78.128273647 1 31.9249968292 50.4730531881
79.9876380317 4 118.84744192 128.447907889 145.425697737 162.876826566 208.177249069 211.86134535 262.358040916 267.820381692

292.776087918 2.03617379859 20 4
104.955672226 3 4.93541600796 8.77639989106 9.73836035594 14.3708447688 15.3612220268 16.8846618352
145.90289902 1 7.24506768831 12.903669195
150.132780552 0
194.315610851 2 4.53558106537 7.18898560469 7.66075510754 10.476793577

291.378698877 0.329702346833 9 1
198.643313445 2 6.71367209165 9.02269040529 18.5738994453 25.2451141356

222.08921284 1.43510338646 21 2
1.0 1 2.36104029381 1000.0
2.02411591209 18 5.0 9.0 13.0 17.0 21.0 25.0 29.0 33.0 37.0 41.0 45.0 49.0 53.0 57.0 61.0 65.0 69.0 73.0 77.0 81.0 85.0 89.0 93.0 97.0 101.0 105.0 109.0 113.0 117.0 121.0 125.0 129.0 133.0 137.0 141.0 145.0

10.040339843 5.49699543968 18 0

152.231317709 1.31182950381 30 6
1.0 1 2.46948445327 1000.0
4.76566242664 19 1.0 5.0 9.0 13.0 17.0 21.0 25.0 29.0 33.0 37.0 41.0 45.0 49.0 53.0 57.0 61.0 65.0 69.0 73.0 77.0 81.0 85.0 89.0 93.0 97.0 101.0 105.0 109.0 113.0 117.0 121.0 125.0 129.0 133.0 137.0 141.0 145.0 149.0
69.5521573391 18 2.0 6.0 10.0 14.0 18.0 22.0 26.0 30.0 34.0 38.0 42.0 46.0 50.0 54.0 58.0 62.0 66.0 70.0 74.0 78.0 82.0 86.0 90.0 94.0 98.0 102.0 106.0 110.0 114.0 118.0 122.0 126.0 130.0 134.0 138.0 142.0
103.390387474 19 0.0 4.0 8.0 12.0 16.0 20.0 24.0 28.0 32.0 36.0 40.0 44.0 48.0 52.0 56.0 60.0 64.0 68.0 72.0 76.0 80.0 84.0 88.0 92.0 96.0 100.0 104.0 108.0 112.0 116.0 120.0 124.0 128.0 132.0 136.0 140.0 144.0 148.0
125.914890354 11 0.0 7.0 14.0 21.0 28.0 35.0 42.0 49.0 56.0 63.0 70.0 77.0 84.0 91.0 98.0 105.0 112.0 119.0 126.0 133.0 140.0 147.0
138.982455101 14 5.0 10.0 15.0 20.0 25.0 30.0 35.0 40.0 45.0 50.0 55.0 60.0 65.0 70.0 75.0 80.0 85.0 90.0 95.0 100.0 105.0 110.0 115.0 120.0 125.0 130.0 135.0 140.0

0.731552119352 1.36695660302 30 2
0.358460538483 2 0.0 43.8931271611 43.8931344767 146.31042387
0.37309158087 2 0.0 43.8931271611 43.8936173011 146.31042387

58.8694585773 2.0877092978 30 4
20.2824460042 3 1.38726691597 4.29973321644 6.62350405936 10.2831579086 11.9841811917 18.1367528179
37.7774432786 3 7.77400445133 12.2439430299 14.9475444156 18.5781514374 19.4518571734 25.1760177807
38.1572194655 2 2.35098932458 5.07083285754 11.0460611819 14.2768425864
45.1692737469 0

1.0 1.0 30 2
0.49 2 0.0 80.0 80.00001 200.0
0.51 2 0.0 80.0 80.00064 200.0

223.890949086 1.76222257168 4 1
1.0 1 2.13066226142 1000.0

240.245216299 1.88273863124 21 2
100.219270071 3 0.953040479116 5.99782448115 12.0656131895 15.6149478311 17.6092120556 19.8811786676
105.155303265 0

1.0 1.0 30 2
0.49 2 0.0 60.0 60.00001 200.0
0.51 2 0.0 60.0 60.00067 200.0

150.28897516 7.90447590041 11 0

140.666402244 2.89365757478 18 6
3.41556533341 1 8.27933651246 15.8713215142
19.2311861882 1 10.119474267 17.7178154308
28.1389308201 0
58.3980167803 3 5.46560336643 5.74218015067 6.44343459404 7.19517836243 8.19928873657 13.2556238544
109.373972789 2 6.60501880973 11.7217383117 16.4348881689 23.7088149282
132.426524572 2 5.19599089246 13.6324086491 14.2707077193 18.9041952709

129.446575179 4.20435950904 17 4
9.66029256088 3 3.71966808607 6.18678506359 9.41724607724 11.531402523 17.9024052895 26.6232264302
64.7408780599 0
66.8538569228 2 12.3050385731 12.4347952395 19.8069660533 20.5659544514
101.662074767 0

82.5009766523 2.07695040406 5 0

256.623274273 5.19679796277 8 4
193.063174117 2 1.56347582718 4.1936482542 11.1842729005 13.3316473157
223.669603998 1 7.0140462772 7.60625234189
225.932933953 3 0.750803136978 5.70367712939 10.0510216662 16.8346262095 16.9353772934 19.2362868306
237.615440296 0

215.727044217 5.89521591525 8 0

10.1103680248 0.926462548533 4 2
8.44047949438 0
9.21481802388 3 1.97974204285 8.64893252193 9.74104235169 10.9913137653 11.0133834404 16.0188162085

217.992617309 2.13524135655 18 4
34.3696301499 0
181.356634261 0
189.046654678 0
190.644021657 1 10.2187315209 17.0230104636

58.6068619709 0.798088600947 13 8
1.0 1 3.16606217721 1000.0
14.6666888179 10 3.0 10.0 17.0 24.0 31.0 38.0 45.0 52.0 59.0 66.0 73.0 80.0 87.0 94.0 101.0 108.0 115.0 122.0 129.0 136.0
22.4719420879 10 5.0 12.0 19.0 26.0 33.0 40.0 47.0 54.0 61.0 68.0 75.0 82.0 89.0 96.0 103.0 110.0 117.0 124.0 131.0 138.0
25.6335134713 15 3.0 8.0 13.0 18.0 23.0 28.0 33.0 38.0 43.0 48.0 53.0 58.0 63.0 68.0 73.0 78.0 83.0 88.0 93.0 98.0 103.0 108.0 113.0 118.0 123.0 128.0 133.0 138.0 143.0 148.0
34.1521791708 18 5.0 9.0 13.0 17.0 21.0 25.0 29.0 33.0 37.0 41.0 45.0 49.0 53.0 57.0 61.0 65.0 69.0 73.0 77.0 81.0 85.0 89.0 93.0 97.0 101.0 105.0 109.0 113.0 117.0 121.0 125.0 129.0 133.0 137.0 141.0 145.0
38.9377552442 12 1.0 7.0 13.0 19.0 25.0 31.0 37.0 43.0 49.0 55.0 61.0 67.0 73.0 79.0 85.0 91.0 97.0 103.0 109.0 115.0 121.0 127.0 133.0 139.0
42.307523522 15 1.0 6.0 11.0 16.0 21.0 26.0 31.0 36.0 41.0 46.0 51.0 56.0 61.0 66.0 71.0 76.0 81.0 86.0 91.0 96.0 101.0 106.0 111.0 116.0 121.0 126.0 131.0 136.0 141.0 146.0
55.3299831328 11 1.0 8.0 15.0 22.0 29.0 36.0 43.0 50.0 57.0 64.0 71.0 78.0 85.0 92.0 99.0 106.0 113.0 120.0 127.0 134.0 141.0 148.0

242.323622971 4.38853142227 3 3
29.3011458993 2 12.6803946597 13.1733529059 15.8198126254 20.9382265033
61.4526433718 1 3.68799203332 11.9778065374
173.313796286 2 6.27955341814 9.48668419628 11.6364539332 21.4016775778

180.369338473 7.00485603896 11 1
54.6044609754 1 19.0142499726 21.4982984338

105.343464152 6.77817994036 14 5
7.76547243652 2 5.9588146897 13.5596294107 14.5598782921 15.4612670386
26.2131836941 3 6.70698358457 11.650666665 12.7238268217 16.2858459707 17.9312875886 21.9114506927
52.0694470002 3 13.5104552481 14.3336485717 15.1918648715 17.0697401643 20.3779182398 22.1327900802
59.0527156817 2 5.89420340784 7.63527504853 10.5081431329 15.3108129432
91.9738324466 1 10.293435221 10.6189347483

195.325408968 7.67840445666 28 0

840.946690255 1.72426447099 30 8
260.983455597 2 0.0 17.3983170765 17.399477003 1159.92646932
318.979779062 0
376.976102528 2 86.9944851988 115.996126711 115.996416693 715.674631569
377.034098852 2 57.9963234659 115.992646932 115.992704928 767.871322688
434.972425994 0
492.96874946 2 52.1966911193 57.9995132637 58.0000932269 448.891543626
493.026745784 2 28.9981617329 57.9963234659 57.9963814622 448.891543626
579.963234659 1 0.0 452.371323034

10.4068165353 2.69405552266 16 5
1.75370130516 1 11.9849965806 20.692327723
2.00898389772 3 10.0041777009 14.202255573 14.466178359 14.6356757646 18.639294725 20.1502470959
4.80165689194 2 6.90439539934 12.0103136638 12.3033307758 12.9974705313
5.61984028629 1 9.60365525114 15.5658501719
5.97016479956 1 4.83459407297 13.0160722843

90.0251064722 1.44405605385 30 27
34.6250409508 2 0.0 6.92431568935 6.93193319836 1385.00163803
63.7100753496 0
64.4025761686 0
65.0950769876 0
65.7875778066 0
66.4800786256 0
67.1725794446 0
67.8650802637 0
68.5575810827 0
69.2500819017 0
69.9425827207 0
70.6350835397 0
71.3275843587 0
72.0200851778 0
72.7125859968 0
73.4050868158 0
74.0975876348 0
74.7900884538 0
75.4825892728 0
76.1750900919 0
76.8675909109 0
77.5600917299 0
78.2525925489 0
78.9450933679 0
79.6375941869 0
80.330095006 0
85.1776007391 1 0.0 692.500819017

150.0 1.0 40 3
50.0 2 0.3 9.7 10.4 300.0
51.0 2 0.3 9.7 10.4 300.0
103.0 2 0.3 35.9 37.2 300.0

57.2989888081 1.83190427853 19 2
1.96956162096 1 7.74518508582 10.9733119649
54.0593868187 2 5.73576416376 8.88880168278 17.435371643 21.2170387598

237.287815338 0.885005033168 17 2
55.4374309948 3 4.07743033818 7.70476003399 9.13634912347 12.244157419 14.2077575504 16.7077817958
180.016270816 3 3.05972722087 7.34336644364 8.12902592918 10.2181603003 10.9878841903 13.2076811347

779.661064549 1.65842952636 30 3
271.343757964 1 18.0895898941 3014.93064404
512.538209487 3 18.0895838643 30.1493004106 30.1493124703 42.2029991553 42.2150588779 78.3881967451
543.290502056 1 0.0 78.9911828739

212.870683782 1.39464492346 23 3
129.932172476 0
141.289844863 2 6.11548761025 8.63015453634 16.1922895653 18.2486727379
196.894891195 3 3.39671698393 8.60257626392 9.90657881415 10.3373429507 10.4040463219 17.0496815514

155.859614547 7.35135680629 25 3
15.1839498249 1 6.11504995122 10.6359342361
75.9157501586 0
135.644569146 1 12.3783884114 20.7089791487

106.919190136 3.97555136701 25 6
1.19594186701 1 1.30899652925 4.09674257243
6.19646245159 2 7.00553746243 11.2460994723 19.1844282179 20.8690094623
17.5351033561 0
50.0327650917 3 1.04076417864 4.33577355788 5.48767890015 6.26626317734 11.4903652145 20.1465916538
75.942607047 2 4.16165826997 7.51199014412 13.1938375493 18.7485614448
99.6341138356 3 4.80748812578 12.0241560205 12.2789664823 13.2052689161 20.5828797365 21.7399721529

160.68582609 1.40010854322 5 6
1.0 1 2.39036455694 1000.0
29.5475127284 4 180.482442047 190.163748616 191.302825602 194.689029833 201.15004636 206.882969275 210.117000117 210.175908525
66.163869127 0
83.8874731529 0
98.4213341593 0
155.30256735 1 203.476038565 218.018341999

238.202042395 7.90509827416 18 1
124.82968432 1 14.2342787376 15.9602495046

112.371101909 2.82974851098 24 0

174.487328796 4.94530745922 27 4
28.7001788018 0
66.3991005415 3 11.4466985674 13.9458950204 14.0395268731 17.1175014195 19.6186068288 22.503490262
135.911614414 0
169.85658915 0

216.117406058 1.09960744425 21 6
1.0 1 2.69728078056 1000.0
42.8045156114 12 4.0 10.0 16.0 22.0 28.0 34.0 40.0 46.0 52.0 58.0 64.0 70.0 76.0 82.0 88.0 94.0 100.0 106.0 112.0 118.0 124.0 130.0 136.0 142.0
47.0349593404 12 1.0 7.0 13.0 19.0 25.0 31.0 37.0 43.0 49.0 55.0 61.0 67.0 73.0 79.0 85.0 91.0 97.0 103.0 109.0 115.0 121.0 127.0 133.0 139.0
75.3452008234 19 1.0 5.0 9.0 13.0 17.0 21.0 25.0 29.0 33.0 37.0 41.0 45.0 49.0 53.0 57.0 61.0 65.0 69.0 73.0 77.0 81.0 85.0 89.0 93.0 97.0 101.0 105.0 109.0 113.0 117.0 121.0 125.0 129.0 133.0 137.0 141.0 145.0 149.0
86.200639476 11 1.0 8.0 15.0 22.0 29.0 36.0 43.0 50.0 57.0 64.0 71.0 78.0 85.0 92.0 99.0 106.0 113.0 120.0 127.0 134.0 141.0 148.0
134.020295209 12 4.0 10.0 16.0 22.0 28.0 34.0 40.0 46.0 52.0 58.0 64.0 70.0 76.0 82.0 88.0 94.0 100.0 106.0 112.0 118.0 124.0 130.0 136.0 142.0

848.407632709 1.73267500589 30 8
259.716622258 2 0.0 17.3138643358 17.3150186319 1154.29609892
317.431427204 0
375.14623215 2 86.5722074192 115.433072781 115.433361355 328.974388193
375.203946955 2 57.7148049462 115.429609892 115.429667607 328.974388193
432.861037096 0
490.575842042 2 51.9433244515 57.7179792604 57.7185564085 342.82594138
490.633556847 2 28.8574024731 57.7148049462 57.714862661 355.523198468
577.148049462 1 0.0 358.986086765

30.5143637207 5.93965960848 2 0

284.327875993 1.33635432374 5 1
76.354186481 2 13.8038296992 17.0578986949 18.0382058687 22.8470973963

175.589096631 2.57849145786 6 2
1.0 1 1.76141684367 1000.0
26.3152236431 0

195.736429489 2.95886988076 16 11
1.0 1 1.64430379818 1000.0
11.001975966 25 1.0 4.0 7.0 10.0 13.0 16.0 19.0 22.0 25.0 28.0 31.0 34.0 37.0 40.0 43.0 46.0 49.0 52.0 55.0 58.0 61.0 64.0 67.0 70.0 73.0 76.0 79.0 82.0 85.0 88.0 91.0 94.0 97.0 100.0 103.0 106.0 109.0 112.0 115.0 118.0 121.0 124.0 127.0 130.0 133.0 136.0 139.0 142.0 145.0 148.0
38.3205591055 19 0.0 4.0 8.0 12.0 16.0 20.0 24.0 28.0 32.0 36.0 40.0 44.0 48.0 52.0 56.0 60.0 64.0 68.0 72.0 76.0 80.0 84.0 88.0 92.0 96.0 100.0 104.0 108.0 112.0 116.0 120.0 124.0 128.0 132.0 136.0 140.0 144.0 148.0
108.557943363 25 0.0 3.0 6.0 9.0 12.0 15.0 18.0 21.0 24.0 27.0 30.0 33.0 36.0 39.0 42.0 45.0 48.0 51.0 54.0 57.0 60.0 63.0 66.0 69.0 72.0 75.0 78.0 81.0 84.0 87.0 90.0 93.0 96.0 99.0 102.0 105.0 108.0 111.0 114.0 117.0 120.0 123.0 126.0 129.0 132.0 135.0 138.0 141.0 144.0 147.0
115.407317948 18 2.0 6.0 10.0 14.0 18.0 22.0 26.0 30.0 34.0 38.0 42.0 46.0 50.0 54.0 58.0 62.0 66.0 70.0 74.0 78.0 82.0 86.0 90.0 94.0 98.0 102.0 106.0 110.0 114.0 118.0 122.0 126.0 130.0 134.0 138.0 142.0
160.23044908 25 2.0 5.0 8.0 11.0 14.0 17.0 20.0 23.0 26.0 29.0 32.0 35.0 38.0 41.0 44.0 47.0 50.0 53.0 56.0 59.0 62.0 65.0 68.0 71.0 74.0 77.0 80.0 83.0 86.0 89.0 92.0 95.0 98.0 101.0 104.0 107.0 110.0 113.0 116.0 119.0 122.0 125.0 128.0 131.0 134.0 137.0 140.0 143.0 146.0 149.0
162.262660594 12 0.0 6.0 12.0 18.0 24.0 30.0 36.0 42.0 48.0 54.0 60.0 66.0 72.0 78.0 84.0 90.0 96.0 102.0 108.0 114.0 120.0 126.0 132.0 138.0
171.224156699 10 5.0 12.0 19.0 26.0 33.0 40.0 47.0 54.0 61.0 68.0 75.0 82.0 89.0 96.0 103.0 110.0 117.0 124.0 131.0 138.0
172.869650151 19 1.0 5.0 9.0 13.0 17.0 21.0 25.0 29.0 33.0 37.0 41.0 45.0 49.0 53.0 57.0 61.0 65.0 69.0 73.0 77.0 81.0 85.0 89.0 93.0 97.0 101.0 105.0 109.0 113.0 117.0 121.0 125.0 129.0 133.0 137.0 141.0 145.0 149.0
174.722303233 18 4.0 8.0 12.0 16.0 20.0 24.0 28.0 32.0 36.0 40.0 44.0 48.0 52.0 56.0 60.0 64.0 68.0 72.0 76.0 80.0 84.0 88.0 92.0 96.0 100.0 104.0 108.0 112.0 116.0 120.0 124.0 128.0 132.0 136.0 140.0 144.0
185.309984737 15 0.0 5.0 10.0 15.0 20.0 25.0 30.0 35.0 40.0 45.0 50.0 55.0 60.0 65.0 70.0 75.0 80.0 85.0 90.0 95.0 100.0 105.0 110.0 115.0 120.0 125.0 130.0 135.0 140.0 145.0

107.162441378 7.11730104742 19 4
12.9341955507 2 2.32956135789 5.62448144966 18.943086192 26.44109597
38.8057744113 3 6.03370822133 12.2897890182 12.570073687 15.3896799309 18.482567752 26.0319272887
42.924353597 2 1.00707177105 10.6686605219 19.0367303303 21.4618098215
99.5623209035 3 13.7547294211 18.727341871 19.1261486042 19.2982258474 22.6820027612 24.9814159585

173.601591892 3.26334900943 29 6
50.5768572565 3 2.67112250489 8.58149965156 12.4225297584 14.7589958021 18.1741025644 23.6455460212
62.6629543925 3 1.14979834777 5.31938811189 9.85759451582 10.4455314084 14.0473249921 14.6168572207
97.1961427642 3 5.89025955219 10.2309764601 15.7426125489 15.899677486 16.136501784 18.6228052715
136.434340951 0
140.175653533 1 18.1827268994 23.675772952
162.451016226 1 9.9634276253 19.2090513751

218.570739034 0.116012006233 27 5
34.9954878345 1 8.41345207963 13.3576336043
106.878358151 0
127.412248885 1 14.3724856149 15.0446399542
142.674804125 3 0.0915322208634 0.461957763844 1.24399730812 6.96300645917 14.0377210346 18.7328089295
182.084838753 2 11.8352161544 18.5771203215 18.951784776 19.2806898155

1470.0 1.00001 30 8
450.0 2 0.0 29.999 30.001 2000.0
550.0 0
650.0 2 150.0 200.006 200.0065 570.0
650.1 2 100.0 200.0 200.0001 570.0
750.0 0
850.0 2 90.0 100.0055 100.0065 594.0
850.1 2 50.0 100.0 100.0001 616.0
1000.0 1 0.0 622.0

0.664789897296 1.65465811751 30 5
0.604354452088 2 0.0 60.4354452088 60.4354512523 1208.70890418
0.610397996609 1 60.4366418306 60.4420931077
0.616441541129 1 60.4370769658 60.4375000139
0.62248508565 1 60.4370890529 60.4377417557
0.628528630171 0

94.0344782661 2.36778271903 21 9
1.0 1 1.83812088755 1000.0
3.47995389603 19 0.0 4.0 8.0 12.0 16.0 20.0 24.0 28.0 32.0 36.0 40.0 44.0 48.0 52.0 56.0 60.0 64.0 68.0 72.0 76.0 80.0 84.0 88.0 92.0 96.0 100.0 104.0 108.0 112.0 116.0 120.0 124.0 128.0 132.0 136.0 140.0 144.0 148.0
18.1274464996 19 0.0 4.0 8.0 12.0 16.0 20.0 24.0 28.0 32.0 36.0 40.0 44.0 48.0 52.0 56.0 60.0 64.0 68.0 72.0 76.0 80.0 84.0 88.0 92.0 96.0 100.0 104.0 108.0 112.0 116.0 120.0 124.0 128.0 132.0 136.0 140.0 144.0 148.0
18.7275027866 18 5.0 9.0 13.0 17.0 21.0 25.0 29.0 33.0 37.0 41.0 45.0 49.0 53.0 57.0 61.0 65.0 69.0 73.0 77.0 81.0 85.0 89.0 93.0 97.0 101.0 105.0 109.0 113.0 117.0 121.0 125.0 129.0 133.0 137.0 141.0 145.0
24.4767776322 10 3.0 10.0 17.0 24.0 31.0 38.0 45.0 52.0 59.0 66.0 73.0 80.0 87.0 94.0 101.0 108.0 115.0 122.0 129.0 136.0
28.3028435877 11 2.0 9.0 16.0 23.0 30.0 37.0 44.0 51.0 58.0 65.0 72.0 79.0 86.0 93.0 100.0 107.0 114.0 121.0 128.0 135.0 142.0 149.0
44.6284634145 12 1.0 7.0 13.0 19.0 25.0 31.0 37.0 43.0 49.0 55.0 61.0 67.0 73.0 79.0 85.0 91.0 97.0 103.0 109.0 115.0 121.0 127.0 133.0 139.0
55.3151320877 24 3.0 6.0 9.0 12.0 15.0 18.0 21.0 24.0 27.0 30.0 33.0 36.0 39.0 42.0 45.0 48.0 51.0 54.0 57.0 60.0 63.0 66.0 69.0 72.0 75.0 78.0 81.0 84.0 87.0 90.0 93.0 96.0 99.0 102.0 105.0 108.0 111.0 114.0 117.0 120.0 123.0 126.0 129.0 132.0 135.0 138.0 141.0 144.0
73.7228377802 10 5.0 12.0 19.0 26.0 33.0 40.0 47.0 54.0 61.0 68.0 75.0 82.0 89.0 96.0 103.0 110.0 117.0 124.0 131.0 138.0
