100
1
19
23
20000000000000
10001001
1000001
89012345678901
20000000000001
9999999
999998
268435456
70368744177664
777700007001
10000000000001
56789012345678
76543210987654
536870912
54321098765432
8796093022208
100000000000000
10010000
777707000000
999991
77777777
9999999999999
549755813888
87654321098765
32109876543210
137438953472
21098765432109
777700007000
17592186044416
78901234567890
777777777777
1010000
1000000
43210987654321
68719476736
3020000001
3020000000
34567890123456
67890123456789
10000000
77777777777
100100000
1073741824
4398046511104
40302000001
777700070000
40302000000
17179869184
7777777777
10000000000000
16777216
34359738368
11111110000001
33554432
100100001
10987654321098
999990
504030200001
90123456789012
65432109876543
10001000
200000001
777700700001
99999999999999
12345678901234
134217728
10010001
45678901234567
11111110000000
777700000000
999989
777777777
777707000001
100010001
100010000
35184372088832
2199023255552
999999
77777777777777
777700000001
2147483648
274877906944
777700070001
777770000001
19999999999999
8589934592
98765432109876
4294967296
777770000000
7777777777777
67108864
1010001
200000000
504030200000
23456789012345
777700700000
1099511627776
