100
1
19
23
101000
990000
90
1000
2002
110
101001
101
10010
2100
12
100
999900
2201
21
20
11001
900001
11110
900
990001
999989
999000
10101
7
1999
7777
11011
1110
11000
999901
102
999001
10111
10110
1101
9
10011
11
10100
12001
9999
99000
900000
8192
30
1111
1100
32
901234
10000
989999
543210
22
11010
100001
2200
10999
111
1000000
999
567890
2
100000
200
432109
999999
99001
11100
999991
1998
901
31
999899
19
8
12000
2001
999998
234567
998999
2000
999990
91
10001
29
1001
2101
32
899999
201
199
10
99
1099
11111
11101
