100
1
19
23
2001
30
201
12000
91
998999
2000
10110
900000
10000
101000
90
110
12
128
1000000
999991
999999
1999
10111
101001
99
2200
32
10011
899999
999989
10001
10999
11010
20
22
11111
101
12001
989999
999901
29
111
10010
999998
11100
99001
1001
16
999900
1110
999899
21
2002
11101
999000
99000
32768
100000
512
990001
1998
321098
901234
11011
1101
10101
11000
1111
11
11110
100001
9
900001
7
109876
8192
19
890123
10100
990000
199
2101
200
999001
999990
654321
1000
100
901
11001
2201
31
9999
900
2100
1100
1099
10
999
102
