1
19
23
543210
31
1101
1100
10101
1001
32
101001
2101
99
109876
777777
10001
1000000
10
999901
1111
19
1110
10011
901
102
10000
2200
9999
11110
2000
900
10111
111
20
654321
989999
8
999989
999900
10010
10100
12001
30
2100
321098
21
999990
199
999001
128
100000
10110
100001
201
11001
90
899999
999998
11101
11111
99000
200
12
91
101000
2002
99001
12000
999999
900001
789012
1099
990000
101
990001
999899
11100
998999
2201
7777
1998
1000
131072
2001
11010
1999
100
11
900000
999000
9
11000
10999
22
4
11011
999991
110
29
999
