100
1 16 8
2 7 10
5 3 7
5 3 12
16 1 8
2 3 5
16 1 16
3 5 7
4 2 2
3 3 4
5 3 13
3 3 5
3 3 9
2 6 2
3 5 0
1 15 15
4 4 7
7 2 11
6 2 10
5 3 5
3 2 4
2 3 6
15 1 7
3 4 8
1 11 6
9 1 6
1 15 8
2 2 2
2 4 3
5 3 1
1 15 6
3 3 6
4 4 11
1 9 6
3 5 3
4 4 0
3 5 10
3 5 11
3 5 4
5 3 4
16 1 1
5 3 0
1 16 9
4 2 4
1 15 1
2 2 4
1 16 1
3 5 15
4 4 9
5 3 9
15 1 1
1 16 16
2 2 3
5 3 3
3 4 5
2 5 1
1 7 5
15 1 0
16 1 0
3 4 12
4 4 1
2 1 0
16 1 7
3 5 14
1 1 1
5 3 10
15 1 8
6 2 9
3 2 1
4 3 12
5 3 14
5 2 1
5 3 6
2 3 3
3 5 5
1 16 0
3 5 9
5 3 15
3 5 8
4 4 8
5 3 11
3 5 12
5 2 10
5 3 2
16 1 9
1 15 0
15 1 6
5 3 8
3 3 8
1 15 7
1 1 0
3 5 6
3 5 2
3 5 1
15 1 15
4 4 16
2 4 4
3 5 13
1 16 7
12 1 11
