100
65 484
120 484
717 951
483 742
8 302
683 875
405 468
122 483
534 544
1 2
348 821
9 122
1 101
282 789
618 1000
100 1000
303 484
10 120
384 584
121 122
1 485
129 779
122 1000
384 742
21 302
21 742
90 127
183 370
397 957
99 117
1 65
38 642
1 5
7 544
121 484
1 584
797 850
607 689
742 950
65 221
61 633
3 221
1 1000
1 4
1 10
430 551
427 632
111 451
1 9
220 382
90 174
8 10
50 760
24 928
1 302
120 485
75 935
9 221
339 917
9 742
8 122
58 296
4 65
1 121
459 974
121 121
7 302
483 584
1 104
484 742
7 584
1 109
283 406
384 485
148 782
121 584
3 65
7 9
3 5
269 729
9 10
3 109
8 584
384 484
3 484
21 485
65 302
524 768
235 693
185 840
303 485
210 514
7 109
120 122
1 1
7 65
4 109
1 742
180 255
65 742
