25
1 2
2
2 0
2 1 2
1 20
3
2 3 1 2 2
3 2 1 1
3 1 1
1 1 2
3 4 1 3 3 2
3 0
1 3 1 1 1
2 0
2 2 3 3
2 2 2 1
2 3 1 1 1
1 1 2
2 1 1
3 1 3
3 1 3
3 1 2
3 1 1
1 1 1
3 2 3 2
2 0
23 5
2 1 1 2 2 4 3 4 4 1 3 3 2 3 1 3 4 1 4 1 3 1 3
2 1 2
3 1 1
1 1 2
4 2 2 1
3 1 2
10 20
1 2 3 4 5 6 7 8 9 10
7 0
9 0
7 1 7
2 0
2 1 2
1 1 1
5 0
6 0
9 1 9
10 0
3 1 3
3 0
4 0
1 0
10 1 10
6 1 6
8 0
5 1 5
4 1 4
8 1 8
2 20
1 19
19 1 8
18 2 18 14
1 2 2 12
20 3 16 11 20
2 2 12 5
10 3 15 18 4
8 4 20 13 2 3
3 2 9 20
15 2 10 6
13 2 8 9
6 1 17
12 1 10
16 1 15
11 1 1
17 3 6 18 2
4 1 3
7 1 16
9 1 7
14 2 19 4
5 3 4 14 2
4 20
3 4 1 2
1 0
4 1 2
3 3 4 2 2
1 1 2
2 1 2
4 1 4
3 1 1
1 0
2 1 4
1 2 3 3
1 1 4
1 2 1 4
2 2 4 4
2 0
2 2 1 2
3 0
2 3 2 2 3
3 1 4
3 2 3 1
4 3 3 2 4
3 15
3 1 3
1 0
1 0
3 5 3 1 1 3 2
3 1 2
2 1 3
1 0
2 0
2 0
3 1 2
2 1 3
3 2 1 1
3 1 3
3 0
1 0
1 2 3 2
2 15
3 1
3 2 3 1
1 1 2
1 1 3
2 0
3 2 3 2
3 0
2 0
2 1 3
3 2 1 3
2 2 1 3
1 3 2 2 1
3 0
3 1 3
1 1 1
2 1 1
3 20
2 3 3
2 0
1 0
2 3 3 2 3
2 1 1
1 1 1
1 5 1 2 1 1 3
1 3 3 1 3
3 0
2 3 2 2 2
1 2 3 1
1 1 1
2 0
2 1 1
1 3 2 1 1
1 1 1
3 0
3 1 3
3 0
1 0
2 2 1 1
20 15
3 2 4 3 5 1 5 4 1 2 1 1 2 4 5 3 5 1 5 5
4 2 3 4
1 1 4
4 2 2 5
3 0
4 0
1 1 5
2 3 3 3 4
1 3 2 2 3
5 3 4 5 1
2 1 3
5 1 2
4 0
3 1 5
3 0
3 2 4 4
1 1
2
2 0
5 20
4 4 4 4 1
2 3 4 1 4
2 3 4 1 2
2 2 4 2
1 0
3 1 2
1 2 4 3
4 7 2 4 2 3 4 1 1
1 1 3
4 2 4 1
1 0
3 1 3
2 2 1 4
4 2 4 3
2 0
1 0
3 3 4 4 1
3 1 1
4 2 4 1
2 2 3 3
4 1 3
2 9
13 13
13 1 13
13 0
13 1 13
13 2 13 13
13 1 13
13 0
13 0
13 1 13
13 1 13
3 10
1 5 1
5 5 3 1 1 1 6
2 6 6 5 5 1 2 1
3 5 4 1 1 2 5
4 1 5
3 2 5 2
5 1 4
2 0
2 2 5 2
1 3 5 1 5
3 5 1 3 5 6 3
3 5
1 1 1
1 0
1 1 1
1 2 1 2
1 0
2 3 2 1 1
1 1
2
1 3 1 2 3
1 20
11
3 1 18
9 2 9 3
5 1 9
6 1 5
7 3 14 6 18
16 2 3 7
18 2 19 16
2 2 10 18
20 1 2
19 2 20 20
14 1 19
10 1 14
12 1 10
1 1 12
15 2 7 1
4 2 17 15
13 1 4
17 1 13
8 1 17
11 1 8
1 1
2
2 3 1 2 3
3 19
1 1 1
1 0
1 0
1 0
1 0
1 0
1 0
1 1 1
1 1 1
1 1 1
1 1 1
1 1 1
1 1 1
1 1 1
1 1 1
1 1 1
1 2 1 1
1 2 1 1
1 2 1 1
1 2 1 1
3 10
2 1 1
2 2 1 2
2 1 1
2 0
2 6 1 2 1 2 1 2
2 1 1
1 1 1
2 1 1
1 0
1 0
1 2 2 1
1 4
1
1 0
1 2 1 3
2 0
3 1 2
2 13
2 2
2 1 2
2 3 2 2 2
2 0
2 1 2
2 0
2 1 2
2 0
2 2 2 2
2 0
2 1 2
2 0
2 0
2 1 2
3 3
1 1 1
1 0
1 0
1 0
2 20
1 2
1 0
1 1 2
1 2 2 1
1 0
2 1 1
1 0
1 1 1
1 0
1 1 2
2 2 3 2
2 3 1 1 1
3 0
1 1 1
3 0
3 1 1
3 1 2
2 3 3 3 3
1 1 2
2 3 1 2 1
1 0
1 1
2
1 1 1
