200
16400
50 50
50 25
50 5
50 0
60 60
60 30
60 6
60 0
80 80
80 40
80 8
80 0
100 100
100 50
100 10
100 0
110 110
110 55
110 11
110 0
130 130
130 65
130 13
130 0
140 140
140 70
140 14
140 0
170 170
170 85
170 17
170 0
180 180
180 90
180 18
180 0
200 200
200 100
200 20
200 0
230 230
230 115
230 23
230 0
260 260
260 130
260 26
260 0
290 290
290 145
290 29
290 0
320 320
320 160
320 32
320 0
330 330
330 165
330 33
330 0
340 340
340 170
340 34
340 0
350 350
350 175
350 35
350 0
370 370
370 185
370 37
370 0
390 390
390 195
390 39
390 0
400 400
400 200
400 40
400 0
420 420
420 210
420 42
420 0
430 430
430 215
430 43
430 0
440 440
440 220
440 44
440 0
460 460
460 230
460 46
460 0
480 480
480 240
480 48
480 0
510 510
510 255
510 51
510 0
530 530
530 265
530 53
530 0
550 550
550 275
550 55
550 0
560 560
560 280
560 56
560 0
590 590
590 295
590 59
590 0
600 600
600 300
600 60
600 0
620 620
620 310
620 62
620 0
660 660
660 330
660 66
660 0
670 670
670 335
670 67
670 0
680 680
680 340
680 68
680 0
700 700
700 350
700 70
700 0
710 710
710 355
710 71
710 0
730 730
730 365
730 73
730 0
740 740
740 370
740 74
740 0
760 760
760 380
760 76
760 0
780 780
780 390
780 78
780 0
810 810
810 405
810 81
810 0
830 830
830 415
830 83
830 0
840 840
840 420
840 84
840 0
860 860
860 430
860 86
860 0
870 870
870 435
870 87
870 0
890 890
890 445
890 89
890 0
910 910
910 455
910 91
910 0
920 920
920 460
920 92
920 0
940 940
940 470
940 94
940 0
