50

10
57 288 17
0 223 76
118 360 80
82 262 16
164 162 99
254 221 64
311 291 49
359 335 58
144 62 93
8 0 90

10
264 236 21
343 160 98
196 316 95
157 130 92
67 173 63
218 38 32
289 0 50
135 243 9
261 84 20
0 265 66

125
664 816 49
761 913 93
632 778 42
722 692 86
583 723 53
826 807 34
695 602 73
615 591 22
618 679 5
531 689 60
807 715 46
746 775 17
921 770 78
534 864 89
679 1009 67
402 829 94
928 894 72
491 626 70
640 664 9
498 492 97
1061 787 70
836 858 14
418 553 5
862 836 12
365 500 50
626 959 6
941 672 55
1098 946 100
595 505 43
340 623 79
474 386 87
891 542 93
369 364 37
816 1011 61
602 987 22
899 1076 84
1029 664 34
721 1093 37
1139 747 85
1252 787 69
987 639 5
504 227 100
1001 974 31
467 755 7
798 1194 75
837 680 12
1056 574 65
1273 879 71
235 471 98
1157 660 37
1370 914 69
674 416 90
286 276 87
593 275 34
1071 1057 72
514 1065 100
370 931 46
796 503 52
600 1195 94
747 355 94
291 853 37
944 448 83
423 725 41
206 775 83
610 640 26
817 291 78
988 1055 11
792 640 9
583 628 19
373 273 29
974 1159 47
796 448 3
1170 867 18
849 849 2
660 187 65
1010 862 20
89 655 87
863 421 31
1269 603 89
680 1317 61
1131 464 71
1369 983 34
977 348 85
1063 332 40
1040 1227 85
778 626 7
902 210 72
619 117 17
1003 266 40
965 128 97
600 930 27
815 598 37
988 704 8
1238 1026 70
1310 954 4
1008 724 13
295 183 65
733 261 11
1389 734 80
393 158 35
1153 1115 52
1485 805 59
578 80 39
998 613 5
1320 1030 22
964 1012 8
284 721 28
945 996 13
495 0 79
569 956 13
142 429 93
815 653 16
1532 869 77
438 996 36
1070 203 40
1129 246 49
196 270 36
0 606 91
351 1071 72
390 104 24
578 148 25
293 687 7
262 660 27
320 27 84
1116 380 15

125
820 753 27
740 679 83
875 813 57
888 670 70
952 736 23
744 827 66
658 743 25
640 779 23
563 692 86
888 546 80
875 939 76
1052 704 84
1015 816 78
553 840 65
629 966 84
997 555 49
467 836 85
1129 650 85
664 792 17
901 456 65
677 590 30
797 547 49
433 975 78
752 512 55
555 923 5
544 911 8
823 443 16
331 959 59
599 518 81
791 455 18
735 1056 65
642 409 92
465 749 26
345 892 10
1030 392 82
497 536 71
308 849 52
724 360 90
989 639 26
785 268 64
850 224 57
885 355 41
470 364 91
311 1103 88
1042 297 95
1153 530 60
378 783 20
1138 290 29
940 306 8
239 1049 37
166 1132 67
426 557 53
465 262 90
820 420 20
345 718 66
335 645 46
902 248 50
317 514 73
189 740 97
816 169 36
411 619 34
913 325 23
987 163 54
493 618 14
1225 361 84
1272 516 72
1207 223 63
1196 591 6
189 968 69
1298 681 93
1259 778 54
274 590 16
1094 82 86
516 943 24
238 919 32
280 406 97
94 1067 31
630 638 22
383 300 13
903 55 96
169 845 46
979 458 12
234 549 27
98 868 43
943 362 15
0 1007 98
1282 297 21
512 606 8
224 602 29
360 259 20
450 162 88
1378 363 91
1190 795 24
1118 479 7
777 168 30
806 985 7
95 778 34
1366 606 24
721 112 51
411 691 36
1443 669 62
621 836 33
179 1218 51
456 646 27
254 609 5
405 441 30
776 946 36
130 519 88
477 1096 73
1439 508 76
839 313 16
43 801 25
51 1107 16
265 620 12
588 246 55
996 473 6
616 18 100
1316 456 14
1165 174 30
300 194 67
714 553 10
869 1045 66
1 1149 47
822 0 75
72 622 32

125
614 476 3
564 541 81
629 489 15
570 411 70
470 500 38
656 496 18
677 415 62
700 541 50
471 452 12
603 346 15
370 512 96
600 632 59
660 642 26
572 723 72
682 729 40
448 614 55
627 468 10
408 699 93
702 301 81
364 407 73
703 594 22
325 748 86
830 443 94
300 583 26
277 842 59
705 685 32
773 749 56
210 862 51
151 994 95
307 969 67
719 843 79
446 306 60
814 610 81
531 245 96
624 786 23
346 629 20
638 685 5
574 158 80
907 646 91
263 915 3
680 99 56
875 853 83
842 998 86
322 605 6
932 496 48
290 639 30
756 956 36
144 711 100
234 1042 9
186 495 90
233 651 13
499 413 33
197 1084 38
585 326 7
414 964 80
1031 618 85
266 613 9
428 858 27
528 835 55
252 927 13
829 745 33
389 813 18
295 1113 72
208 628 14
495 471 13
259 607 2
291 389 16
464 901 16
984 746 48
648 470 8
762 201 50
377 1042 7
957 886 35
917 927 6
506 947 41
196 330 87
444 421 21
1019 984 84
1033 809 45
1115 895 66
595 974 65
297 1204 89
399 828 4
937 950 18
457 438 5
381 891 14
584 829 32
599 314 8
832 195 50
664 1068 97
288 422 8
526 1081 42
736 634 22
425 1089 59
840 284 45
479 809 25
828 136 21
1106 729 55
583 0 82
963 283 79
352 856 22
120 1157 69
378 830 4
1071 493 75
69 373 53
636 756 8
234 944 6
1182 611 71
0 1141 78
386 1203 33
306 200 89
1000 431 21
452 1148 41
1177 766 68
999 847 9
244 592 20
984 857 6
664 905 5
295 1299 87
918 1084 30
576 1212 96
1211 828 50
630 878 34
1063 382 42
34 1070 23

125
394 1119 6
361 1080 51
402 1112 3
433 1167 56
303 1216 95
420 1080 31
463 980 81
494 1153 47
353 1027 37
567 1035 83
429 1224 25
357 1321 73
284 995 42
431 1329 34
471 1435 82
496 1250 47
156 1048 100
595 1230 57
362 918 44
676 1163 53
619 1103 8
479 819 90
618 1352 77
209 922 37
698 1331 47
293 857 55
578 1167 38
603 950 47
530 1299 17
762 1265 67
631 1091 6
574 848 53
686 1033 68
662 937 21
770 1085 49
805 1140 65
309 1068 9
856 1184 54
625 1097 1
496 1104 15
604 1116 9
472 1077 19
139 852 65
454 715 89
29 899 55
633 906 9
365 712 25
958 1285 91
646 919 6
753 867 97
619 1436 60
573 913 8
717 1451 43
691 713 96
503 1566 86
604 1557 59
167 758 79
796 1374 52
592 700 44
626 1119 13
495 1659 74
902 1475 95
1012 1366 28
450 598 90
312 545 98
539 578 60
644 1279 8
809 1527 50
567 481 43
1065 1394 33
347 820 19
1131 1458 84
407 1117 2
954 1082 89
1080 1318 41
1098 1221 58
193 675 43
406 1664 20
331 1594 84
462 1739 63
1134 1129 90
95 583 98
860 1385 12
721 1134 1
264 411 90
155 400 80
103 250 94
446 390 95
269 235 85
536 1126 4
552 899 4
384 1781 57
266 755 48
422 1502 9
1148 1253 34
624 485 36
989 1595 77
361 328 12
350 800 2
620 1691 60
542 690 3
1108 1348 17
717 1653 65
314 649 51
263 93 93
564 903 3
912 986 99
894 1353 26
413 104 60
590 613 6
662 905 10
907 1658 84
391 285 39
326 0 47
656 1267 9
238 316 5
453 1113 2
601 1761 66
451 1111 1
1173 1308 30
547 1302 6
0 242 83
794 1582 12
1242 1220 60
527 224 90

13
396 101 37
308 0 97
470 24 68
431 116 30
310 203 97
159 167 81
465 170 36
292 324 90
557 102 63
167 355 90
134 456 72
45 473 34
0 322 88

13
202 258 28
265 319 66
291 186 82
396 199 67
458 312 87
280 40 94
127 354 80
137 171 75
0 187 93
149 0 95
40 276 35
391 87 29
324 433 64

13
198 346 57
303 451 94
149 295 67
97 244 46
0 137 99
306 243 93
248 169 63
427 373 53
169 103 70
447 312 56
64 0 53
157 181 20
183 234 5

13
170 146 22
241 204 71
231 91 50
326 183 66
91 234 88
139 0 81
233 277 28
0 144 79
162 125 9
242 370 79
161 290 2
114 86 42
327 368 74

145
579 949 5
622 888 71
535 903 45
674 1017 91
603 819 45
506 986 54
623 1116 82
540 803 23
423 1001 82
488 735 82
500 847 23
564 963 11
469 845 27
409 1095 77
574 766 15
617 727 45
306 1126 51
683 726 59
585 986 14
431 1219 76
242 1243 99
401 892 52
316 1339 55
700 634 60
276 948 82
725 773 62
525 1114 34
804 617 94
273 850 73
558 1012 17
433 809 13
506 1191 24
782 709 22
835 851 85
610 606 58
293 778 69
783 1041 94
633 1226 79
569 1050 18
724 1214 20
594 537 66
945 849 98
620 664 6
940 737 37
776 914 23
484 628 48
170 1015 87
734 1134 26
838 1179 79
976 984 90
1071 977 43
1040 816 83
583 1299 86
1156 895 74
841 505 94
1067 728 27
829 958 18
780 1271 42
848 938 3
412 704 36
1172 686 91
871 683 35
992 649 80
245 1067 16
845 949 5
684 500 36
1148 520 98
701 1172 13
1296 551 59
1203 969 86
736 393 78
511 520 52
577 384 86
453 384 95
1134 1112 75
698 1341 42
474 874 6
985 1235 81
857 983 12
969 1323 73
604 1447 67
433 243 59
571 940 5
353 580 96
328 1174 5
1071 1220 35
1206 441 60
1260 632 25
733 1458 77
598 242 94
933 1073 30
486 887 9
853 959 7
1310 774 80
833 766 41
957 461 77
733 1564 91
354 1297 2
353 338 36
858 1359 50
884 1595 75
531 116 68
453 578 7
848 352 50
219 719 59
1097 1352 61
1124 1271 28
1222 861 14
132 805 73
453 1443 85
620 1558 41
394 780 30
833 721 4
1299 930 65
219 1091 10
836 718 1
882 1413 18
951 1487 65
392 1329 37
854 943 5
1002 1438 36
1003 1151 57
1079 1417 41
103 1087 70
366 1278 20
1446 914 91
824 296 20
0 856 97
482 1593 86
305 235 77
1207 1365 66
573 956 3
1165 1420 8
458 111 46
984 351 67
1088 1563 97
411 116 45
720 1665 74
404 0 77
800 1677 13
191 666 44
1191 1542 85
134 725 25
957 1677 35
415 831 11

145
947 514 52
1048 413 94
896 570 69
810 627 99
1046 626 93
906 774 88
1228 576 97
1080 726 69
1207 762 80
1308 662 32
1361 725 56
1359 602 38
777 458 78
1277 803 35
692 504 28
948 878 86
1129 675 2
612 583 88
1040 786 12
1459 626 75
752 722 72
597 412 94
1104 856 61
469 442 72
652 773 68
1164 501 36
1226 433 51
484 539 37
1343 880 71
1484 826 86
787 902 85
1013 943 31
1024 768 7
624 848 64
1015 809 17
847 980 30
737 1065 86
1290 496 20
1054 895 19
558 682 32
1037 835 11
1121 985 72
1216 865 40
1317 765 6
1104 553 28
876 990 4
1292 944 41
496 730 70
931 318 94
1361 402 91
515 630 20
961 993 39
1046 977 14
673 349 36
1266 706 20
357 647 92
1212 1025 69
378 435 75
582 917 76
1181 930 16
234 555 85
367 323 49
1362 514 41
312 383 13
642 1062 80
982 1121 95
862 1177 41
588 277 55
448 275 85
272 342 45
1326 298 92
831 1274 73
1388 1043 98
635 311 5
598 153 73
726 1166 48
1606 787 96
173 422 66
329 280 19
1007 781 13
746 147 98
904 1015 33
108 435 47
471 1004 92
690 542 10
1519 913 43
431 589 22
1205 905 12
293 242 34
1213 272 58
184 238 77
331 364 7
1502 544 61
1080 1136 80
596 1133 39
524 345 15
959 1310 93
82 350 43
1568 486 67
518 1175 62
1128 537 1
889 942 15
1307 162 58
726 976 7
1221 1180 72
1159 645 20
1083 1324 74
383 206 61
321 136 62
689 1240 69
55 540 75
943 1403 56
1305 781 1
1604 642 56
705 262 41
1506 687 5
740 9 81
714 964 10
462 798 63
596 720 13
889 0 77
1410 565 13
798 1382 77
534 189 2
1105 1470 90
177 691 87
1611 1008 94
991 797 4
1682 604 57
1052 820 8
1234 1322 73
1168 1239 13
906 1482 39
1346 1207 58
287 414 19
1383 550 2
519 173 14
1011 1573 74
1746 932 73
890 979 12
394 850 50
445 1099 15
1678 713 25
0 439 47
1470 371 56

145
595 659 10
611 675 13
540 602 76
693 597 93
697 759 74
628 505 25
496 721 94
547 426 97
814 631 59
565 867 69
625 661 3
589 701 19
442 497 31
841 741 59
493 540 22
642 675 16
434 589 50
734 837 63
896 712 30
968 638 78
349 568 81
625 735 19
905 536 62
807 869 39
808 915 17
970 769 54
872 811 28
402 716 76
712 989 98
699 452 54
893 984 88
951 899 74
848 828 2
858 422 83
1068 902 85
1015 412 91
868 1145 97
1094 1020 80
1049 800 27
802 485 32
618 699 11
358 855 72
301 807 30
435 972 70
979 1147 65
1224 888 72
984 1078 7
775 377 38
1110 769 48
622 363 43
1118 490 96
1196 1039 59
593 771 22
327 490 68
828 328 17
357 377 95
1037 681 45
778 1099 28
779 271 65
853 1255 69
706 285 64
1083 727 2
169 345 99
1190 759 60
625 803 17
221 924 100
1189 678 53
1290 668 61
531 280 52
1299 942 55
652 911 21
461 522 6
301 1095 92
719 1329 89
374 283 77
404 461 10
1010 1041 37
759 517 12
1164 820 7
841 889 16
218 235 73
1005 271 82
908 296 32
926 125 85
1191 560 64
829 99 97
568 158 82
811 1063 9
1062 1095 19
726 1156 48
235 589 40
1122 830 14
1121 1143 47
226 702 82
238 152 73
1128 283 44
658 162 62
615 1052 89
316 229 7
168 643 29
487 136 70
1023 1233 56
90 701 58
601 718 8
653 243 4
239 467 32
1230 1184 89
994 1367 82
185 531 37
570 315 11
639 1239 50
868 845 20
806 0 49
708 199 9
1305 437 99
552 1129 88
467 516 1
1118 680 25
677 1205 3
1096 364 14
1387 1037 87
82 777 73
1228 374 20
363 182 45
1342 752 71
1254 616 19
465 207 26
578 53 25
484 1186 56
1400 549 75
1468 639 60
666 407 2
0 816 61
1272 832 22
1311 313 70
100 552 65
734 73 44
56 394 94
302 210 14
868 293 25
1175 1344 96
499 239 9
472 511 4
1127 1497 70
436 236 4

145
787 796 24
743 842 40
860 897 92
855 714 83
981 872 76
740 735 39
1025 754 81
641 726 92
878 995 53
932 665 12
773 1096 94
682 1040 96
811 565 81
1119 736 65
1110 669 5
983 1102 98
898 792 8
636 634 67
1129 1024 93
500 583 96
515 487 93
649 933 77
539 817 50
1005 629 62
1122 658 12
517 1090 90
745 507 70
482 892 90
748 616 22
690 414 74
610 498 12
903 1210 39
1245 881 98
582 987 10
352 435 96
541 720 29
1129 862 39
517 1205 97
350 335 94
384 636 57
365 1214 63
486 1333 60
485 311 44
234 454 40
279 545 56
981 1004 31
171 439 59
485 195 81
1028 951 31
408 1262 22
1205 597 96
1119 533 56
761 793 12
630 1240 81
573 296 48
1076 635 35
155 520 48
345 1344 77
344 732 73
299 1150 91
236 1248 33
404 1079 30
430 255 17
330 1017 54
179 1270 45
1090 903 32
841 1252 52
239 327 18
173 645 84
903 509 73
564 1004 9
841 417 41
1222 444 59
645 1332 50
171 373 47
98 446 32
527 1431 76
1084 816 9
257 640 28
220 325 3
409 1406 20
724 1392 92
445 1035 15
165 1324 51
178 278 56
612 386 9
185 199 74
594 1001 5
899 637 25
40 1403 100
965 418 76
27 348 97
170 730 67
593 872 9
36 587 76
570 1536 64
637 1545 46
1038 455 40
101 280 15
1327 464 50
637 357 25
267 1341 49
896 367 16
667 198 89
1385 774 90
684 308 30
919 768 22
1020 568 32
214 332 7
266 282 13
536 968 31
0 517 72
596 370 15
811 330 73
57 777 57
720 346 9
448 1455 31
359 142 96
668 1645 66
144 1170 62
317 1487 72
379 1535 53
80 1191 60
737 324 14
784 1478 100
289 607 7
111 500 3
462 1018 3
948 320 44
220 1097 14
878 236 51
572 931 8
548 383 34
82 182 69
409 994 32
589 424 9
873 389 11
438 1293 14
970 146 78
247 1065 25
145 1477 98
1319 712 37
178 88 47
274 0 75
167 999 81

145
690 756 32
614 843 85
785 668 98
748 833 51
621 661 70
470 706 99
603 576 49
501 533 72
652 516 54
649 948 72
828 758 30
731 963 59
878 707 23
967 612 93
791 796 8
768 1074 68
862 1097 84
905 844 86
991 955 62
861 978 39
777 433 98
863 1187 49
1034 704 56
978 1097 66
1056 988 67
712 572 24
781 1269 67
400 629 35
967 771 12
918 1032 22
602 1082 81
795 915 38
662 1185 57
526 391 94
363 598 17
1086 1059 43
1135 604 81
498 1079 85
314 724 70
483 947 54
992 793 19
379 404 98
324 555 49
1190 970 73
930 521 60
502 291 28
430 545 51
309 871 93
253 640 42
370 246 62
259 356 58
225 263 70
544 634 10
351 139 95
594 456 6
386 966 41
631 415 48
632 273 86
251 529 34
585 468 7
376 504 5
260 494 21
454 901 33
1162 1109 54
160 233 69
238 154 19
590 192 83
1180 821 95
467 256 23
1296 866 44
1063 852 63
454 61 59
996 1247 89
460 162 31
605 1204 41
1205 1186 87
156 432 83
1096 1306 37
977 762 3
213 557 43
173 91 72
507 1296 100
657 723 2
61 206 51
1285 1086 44
75 151 20
1232 1041 22
190 888 97
1071 1199 47
1288 1243 83
528 135 31
122 144 16
448 238 5
185 742 50
423 286 16
1128 1379 71
503 105 7
1 63 99
678 1261 32
759 1380 98
858 1379 67
652 1406 71
914 931 14
572 37 68
121 817 29
1368 1165 67
435 225 9
171 1010 49
1085 498 43
1088 723 36
48 892 71
1034 772 18
556 1157 12
1255 716 59
640 1501 42
386 515 9
1022 1399 63
408 855 15
504 842 31
291 484 13
101 119 12
970 414 74
1380 966 89
1017 1480 55
85 0 24
864 509 14
287 1070 99
506 205 16
930 274 90
721 60 93
1143 1260 15
1267 997 27
374 1169 36
484 185 7
526 1187 22
640 1268 24
760 152 51
415 1009 16
0 735 94
828 175 26
1012 798 9
487 119 13
1338 650 85
241 686 8
1043 390 42

167
864 768 16
934 831 83
930 675 89
1091 819 88
830 781 22
804 710 48
765 833 79
986 917 18
1051 944 46
888 959 84
1044 728 34
882 750 4
953 1057 75
691 795 69
1190 837 97
660 730 38
561 671 92
888 755 2
618 774 7
1194 717 27
1216 939 38
1030 1113 82
570 849 68
839 743 17
537 950 92
447 734 92
634 991 85
1142 637 76
1281 770 70
1011 889 14
720 1100 96
807 758 3
816 763 6
1285 878 36
616 580 95
375 814 71
1063 540 60
698 529 58
991 610 21
1005 936 2
775 396 96
787 1207 96
1330 705 55
743 698 39
608 426 60
1271 645 50
913 540 64
678 351 18
807 559 51
1008 445 55
1285 514 82
891 1104 15
1443 580 94
1317 430 61
786 614 40
738 652 19
524 512 32
439 849 10
486 1122 89
680 916 7
444 441 79
315 880 75
452 892 11
417 1065 30
1330 990 85
584 281 97
566 470 20
419 870 15
716 319 24
421 519 71
1183 427 73
582 1254 75
377 1112 21
1129 1060 86
804 965 58
475 870 15
918 1217 37
1111 332 92
665 1322 38
322 424 48
290 649 89
559 1406 83
1381 406 27
1386 499 8
689 642 28
861 502 7
1376 509 4
332 339 41
216 534 86
685 287 11
785 656 7
184 748 61
370 970 73
710 946 34
497 847 12
305 1182 85
78 617 81
468 205 99
244 923 61
346 535 20
427 1388 89
1238 357 18
1210 1115 46
529 437 19
1253 1192 47
1158 1233 58
1330 1111 36
1272 344 21
468 574 42
1308 1215 57
729 225 63
1286 291 49
340 1080 23
626 765 3
1429 299 94
580 1514 67
450 1298 29
756 282 16
1328 365 26
263 1257 83
231 306 71
841 471 9
1159 1167 11
83 368 93
1268 190 78
1394 1056 38
610 124 64
1197 581 27
1301 338 3
877 348 95
1280 1333 80
393 274 34
685 1542 56
1410 470 28
706 684 15
824 1302 60
1024 643 13
240 195 95
744 145 71
1283 1065 18
729 0 96
719 1386 70
253 821 15
206 1089 93
851 137 45
1380 440 3
443 1043 1
130 202 43
695 1642 76
1443 1110 37
781 1622 49
928 222 43
526 359 7
431 91 100
389 0 100
129 807 77
717 632 2
0 686 54
660 896 19
1413 442 10
407 641 26
711 1275 17
1234 295 28
126 1020 71
438 1518 51
939 52 78
440 896 12

167
479 1046 60
581 944 85
368 937 96
529 799 79
671 924 76
675 845 17
627 801 44
733 771 67
770 936 85
634 1070 67
642 689 60
635 1202 97
682 1023 5
785 1055 55
733 1179 47
522 1091 22
869 969 33
817 1101 44
878 1164 70
531 1174 59
915 1014 63
552 1115 16
743 1092 23
570 1098 3
566 1102 3
809 782 68
427 1197 99
728 1112 3
961 1075 20
959 891 82
766 1256 42
873 827 25
637 1305 81
553 1085 14
729 691 25
261 1039 94
814 1277 52
753 1333 35
527 717 57
638 589 98
784 583 92
449 793 39
768 1436 88
400 652 98
700 1009 16
864 1052 6
718 1120 12
948 647 94
1028 1128 66
646 455 58
804 446 81
401 845 15
212 1122 90
926 423 73
859 1454 87
1097 814 90
937 1369 79
127 1189 63
555 1350 54
494 1355 61
909 1589 98
83 1270 70
884 487 8
1011 1038 34
734 1301 4
1059 1002 35
223 832 96
736 491 1
1182 1127 90
1045 1326 99
1119 1057 39
937 330 53
996 386 7
1076 302 95
529 528 33
617 1472 76
296 757 9
1090 1503 91
491 419 98
756 362 63
1034 431 39
255 702 53
952 1201 13
639 1566 64
67 946 99
720 1571 36
353 552 48
722 1291 10
677 299 93
1196 993 50
1020 220 59
414 481 25
557 1051 18
494 1117 8
329 1254 53
458 1474 70
532 1299 6
1178 1455 34
986 1245 39
452 1607 95
305 1336 46
557 1645 22
308 1619 83
929 1106 16
283 528 30
1006 398 6
1048 568 72
1015 389 7
347 465 40
1118 906 50
484 1106 4
242 1338 45
743 1669 70
1107 956 15
326 796 35
1214 827 46
960 185 25
436 1775 75
908 1236 32
369 812 24
1202 1392 39
888 115 95
535 1558 12
830 225 74
447 881 7
724 1036 16
906 503 15
975 1174 18
1326 982 88
197 626 88
1029 126 44
562 1532 16
579 1591 33
1101 517 67
519 1538 8
340 1712 19
176 1442 98
879 533 17
1082 1228 17
1311 889 68
257 1386 5
1049 1191 31
768 1528 13
1141 1269 45
616 1761 88
287 1756 50
587 1898 85
245 1278 22
11 1295 76
90 696 67
1004 500 9
1207 1334 32
66 775 64
391 421 5
342 839 7
0 791 29
365 1466 68
1294 1414 59
311 346 87
1440 1023 88
199 1743 46
281 1850 62
507 1869 23
544 1550 3
1226 453 74
729 484 7
920 0 86

167
960 718 55
1059 619 87
905 771 75
818 832 89
747 894 84
690 965 46
621 1036 85
582 841 96
780 1071 79
938 938 93
1012 875 51
745 1168 58
1051 825 28
739 685 84
840 581 96
1132 745 81
1104 990 83
687 1161 14
857 992 29
825 693 6
922 1060 52
636 1233 71
945 511 31
1014 437 86
845 715 16
1129 552 31
876 449 46
1135 908 74
1189 478 67
540 1131 41
996 344 75
1188 608 50
1263 538 29
481 865 96
1226 756 86
919 342 12
1100 1093 88
606 748 63
1261 671 25
1361 641 90
1248 1024 66
458 1164 80
923 1194 86
401 694 93
830 1268 46
1004 1093 23
808 1310 33
1122 1205 96
428 988 79
543 1074 11
750 1365 65
348 1048 41
867 382 53
912 478 5
492 642 66
1105 388 24
641 1121 34
1192 1081 11
1360 926 86
1174 326 72
1266 834 8
1331 468 71
294 1119 77
870 686 16
676 819 8
565 1260 32
1431 583 54
1354 362 99
292 700 99
904 656 22
713 1310 12
530 1341 61
1120 217 53
1209 893 22
1491 514 46
423 1242 78
275 567 49
1086 507 22
734 487 90
626 1322 33
946 1362 86
375 486 99
255 834 98
1253 389 8
1220 1109 25
1063 231 41
1273 838 3
1305 798 37
344 1269 35
987 551 13
822 738 14
1269 567 22
964 579 18
592 514 94
615 613 55
553 1424 78
1397 727 67
901 1518 97
411 1468 89
787 345 60
1040 1265 16
612 1506 88
556 1593 61
922 224 94
460 1648 68
200 630 27
1513 788 71
674 1437 12
800 1513 71
1075 359 7
1586 617 96
1292 1199 75
359 940 9
401 1103 18
1428 450 18
1196 1291 26
1557 884 100
1314 1364 96
1511 1048 72
1100 343 18
1463 469 10
401 595 13
1081 363 2
1327 1110 21
994 90 80
1375 1153 30
1120 473 21
271 963 45
901 1618 34
1076 368 4
1214 1266 5
120 714 79
747 259 76
1221 234 46
611 356 67
1240 599 12
1239 659 2
167 987 77
1035 799 28
1227 103 86
1470 307 95
857 149 69
937 612 17
1502 208 61
92 968 67
1648 939 66
996 760 14
1088 371 6
1279 846 9
1280 171 23
1244 877 34
1572 415 54
1711 1020 56
493 1035 43
1337 117 50
339 898 17
1467 1270 98
1227 0 74
1726 703 87
760 1637 63
1150 423 23
692 1280 18
1395 1098 30
1655 344 92
0 865 75
551 975 31
319 1342 44

183
799 862 22
871 938 96
723 921 65
739 815 44
907 767 90
794 997 13
881 1083 98
734 1069 60
681 871 14
810 1159 31
972 1042 11
975 836 12
1055 1123 95
780 981 5
1003 1017 28
602 924 69
818 717 71
735 588 92
623 1028 46
694 860 3
637 840 32
684 845 15
1034 792 56
583 765 86
961 880 33
535 951 59
506 829 37
676 670 15
892 1274 96
447 902 42
924 612 69
651 643 15
667 742 55
710 1254 91
815 475 69
1019 710 35
887 548 5
611 1185 98
457 1054 97
1007 869 16
596 662 30
511 590 83
807 833 26
1006 669 15
986 847 6
878 443 57
878 539 9
950 350 69
1133 689 81
817 1356 17
982 539 78
347 1010 73
852 561 20
1059 462 46
769 1401 53
325 934 39
1059 631 41
1028 427 17
859 1492 75
1117 955 99
706 703 20
991 852 7
983 1187 6
1021 1214 39
1010 922 19
595 587 42
900 529 15
573 454 75
976 955 24
398 865 38
646 436 75
1007 987 15
743 328 89
1269 778 90
1142 344 99
271 1001 31
1065 232 54
185 909 99
634 628 9
952 1388 33
786 1326 14
1123 572 37
758 1004 23
1034 897 6
412 589 95
454 817 19
383 711 87
411 477 33
518 312 92
881 509 7
667 826 5
773 1122 7
801 220 88
700 1015 31
879 558 6
977 175 91
701 851 7
466 406 42
1053 400 11
1183 625 32
254 837 68
1226 486 82
971 1168 15
952 1014 15
1173 127 98
1049 1471 97
341 316 88
1218 854 2
677 816 10
274 433 84
998 401 16
1304 191 75
1224 860 5
732 680 10
1179 820 41
1130 772 15
658 687 5
1290 917 72
1091 815 35
1001 841 7
673 806 4
913 1599 46
650 1067 23
254 572 63
749 697 10
1434 792 99
1312 670 27
959 1593 27
182 1089 85
1022 1318 56
551 874 11
455 775 20
1149 1446 72
871 1684 66
1218 279 21
1107 42 57
1250 245 20
1047 0 40
670 1001 8
1023 652 2
654 535 6
1237 673 24
1172 1348 46
684 987 9
1014 1647 52
1130 856 8
1139 1195 69
508 492 3
868 1415 45
750 742 24
777 1192 5
533 855 11
0 913 99
412 419 16
220 1177 95
657 987 9
749 1140 22
968 1540 15
1280 1337 76
775 863 9
393 198 42
1243 567 41
498 727 29
322 1222 72
1119 526 21
776 839 2
985 648 8
294 707 32
567 1092 19
1283 278 24
1341 340 77
1262 1119 79
1183 248 19
1222 865 5
764 1344 8
535 691 12
1016 381 4
734 717 10
1393 1264 95
1050 882 13
175 630 88
917 1368 4
1412 625 73

183
927 759 9
849 697 99
969 703 49
901 785 22
891 602 52
963 857 81
857 818 23
761 747 96
1080 735 69
900 917 77
851 980 45
734 857 84
607 888 78
862 849 8
836 872 19
812 900 11
626 967 27
1009 530 99
1140 664 37
632 747 33
1116 634 9
556 678 98
1171 642 28
474 756 100
799 1022 30
1155 585 43
1227 657 42
787 924 22
574 1019 49
814 953 11
1101 650 10
1260 738 76
1180 706 11
669 784 5
647 636 21
659 780 6
671 708 8
820 836 5
395 831 95
311 919 70
599 588 32
512 943 35
672 534 78
495 504 97
371 655 54
738 971 38
696 1064 76
259 986 74
444 1011 66
829 851 11
491 1104 51
1206 864 72
873 1085 66
1280 565 83
470 900 9
621 1195 81
679 674 23
1071 611 30
825 1186 69
299 745 36
664 650 3
786 1349 100
721 618 35
565 428 35
391 494 94
1004 657 13
594 406 2
931 1209 69
710 1283 12
1368 613 52
1240 480 82
176 1048 67
756 619 8
321 368 78
554 339 74
1337 757 64
1356 831 24
282 541 63
612 423 22
671 326 86
785 399 58
955 1065 65
1045 1179 51
1075 993 79
477 344 58
496 880 22
309 1119 70
547 265 25
980 999 6
784 598 20
1023 1132 4
801 941 3
931 1284 53
1152 400 83
442 921 22
385 1245 98
232 682 71
628 1373 97
766 610 2
781 1514 82
996 981 14
952 975 25
861 365 79
530 195 63
644 244 26
444 281 42
211 611 10
1101 614 13
1108 574 9
483 1244 61
1020 1296 37
388 238 49
179 632 22
1381 667 33
343 175 73
1108 536 8
862 476 39
386 1347 46
461 167 26
1092 1364 98
1391 793 15
949 371 66
337 289 3
1467 561 85
1089 265 80
1026 650 16
206 491 58
652 804 17
320 266 23
672 1470 23
1441 739 46
77 600 85
911 1403 56
521 1400 59
595 178 47
1357 451 50
1453 347 92
1351 345 56
444 112 41
640 434 23
534 1281 6
812 518 39
1032 1534 95
1136 1258 50
1278 923 85
481 1527 91
247 324 54
147 434 72
198 747 64
766 465 14
778 981 12
1052 1101 30
1533 621 72
273 151 70
920 1006 12
128 273 90
522 107 37
793 974 10
563 0 85
1001 209 89
687 137 65
827 243 88
948 125 40
129 776 32
699 70 63
288 1261 62
86 842 49
200 831 46
1020 1068 4
214 33 73
116 917 70
1615 494 79
1494 689 9
390 48 48
603 1542 56
1252 1355 82
131 1151 96
279 827 27
1590 683 75
538 1613 19
1563 768 76
0 685 100
427 205 14

183
865 793 17
918 731 68
937 883 96
791 724 73
802 893 88
837 785 4
665 839 83
836 647 17
868 673 19
794 1007 87
873 611 39
1068 847 83
847 795 8
859 811 9
833 807 9
989 802 5
889 650 4
955 583 79
1025 632 44
706 985 8
1114 724 70
981 795 4
701 914 13
1234 851 87
1110 957 38
1113 548 80
917 1026 47
633 746 84
758 604 70
1016 773 30
1103 1061 91
840 1098 44
673 940 20
1204 1078 93
553 720 38
775 484 95
1230 590 64
1050 496 17
1354 947 73
612 1004 76
721 933 13
1009 1104 59
485 615 91
917 655 8
1000 958 42
1274 1217 96
894 984 4
1160 906 24
933 1176 57
1184 726 40
663 1120 51
680 604 50
1059 1227 75
455 806 96
1337 722 85
318 757 77
746 1173 59
1136 412 80
819 792 8
1015 525 19
516 906 22
904 644 6
701 968 10
630 468 72
405 667 16
657 374 31
425 689 9
367 636 29
1037 981 5
618 545 15
1507 784 97
890 981 1
558 943 25
724 378 26
949 420 86
1516 896 94
305 572 66
707 327 33
887 1303 82
582 289 83
954 318 91
344 468 68
1159 664 14
970 781 10
796 1211 15
771 323 37
870 494 10
703 394 2
548 832 3
689 1008 17
493 1023 61
402 933 42
1220 437 38
1416 995 10
477 316 87
1259 527 59
607 180 53
478 950 30
1082 1317 92
546 472 60
1083 239 96
834 208 94
415 483 46
372 699 21
688 409 14
1368 632 60
683 254 42
1444 701 19
701 951 8
582 586 27
768 138 78
327 399 63
1449 609 30
187 594 93
678 527 10
463 175 58
935 68 94
483 409 7
1193 647 15
734 1272 61
593 908 17
944 1452 80
1680 745 97
679 1241 14
548 549 13
1177 1221 5
551 88 58
636 1182 50
1442 563 19
1110 1172 2
364 269 71
1121 1410 99
1215 1450 43
1069 477 5
215 259 81
548 1220 85
991 1531 34
702 75 44
1216 950 35
1480 595 24
860 412 6
657 0 56
1146 1526 41
829 377 26
400 1044 65
319 1049 79
238 141 83
889 982 1
437 1175 65
984 1220 6
1642 653 39
689 963 6
1164 1204 16
570 1304 70
845 814 4
161 434 95
888 979 2
280 1167 64
1524 676 60
885 478 7
531 923 6
1384 1027 32
106 354 28
739 303 2
1521 539 62
1627 898 28
657 555 19
899 662 9
0 472 95
1691 843 42
291 853 73
520 1090 31
1482 1044 63
641 137 35
122 261 39
27 265 72
1176 482 11
969 1221 1
1405 520 52
1279 1023 4
395 1326 100
751 285 16
200 883 70

183
719 820 20
785 896 89
760 779 35
673 873 36
791 989 85
692 712 63
588 758 92
933 852 88
817 735 53
699 649 21
885 663 94
605 939 59
698 1038 65
1009 787 50
687 798 15
470 811 89
1069 715 65
990 639 20
790 614 42
914 499 95
1136 645 94
784 561 14
1074 559 70
826 1158 98
1011 596 4
979 569 1
759 540 32
1225 682 89
723 542 36
1167 814 57
1118 782 18
467 901 52
969 421 69
557 601 93
947 1068 88
1117 903 88
329 949 95
1045 494 8
1048 964 35
768 497 19
1272 925 69
1104 1028 38
1046 1100 35
452 615 89
1347 830 65
591 479 55
990 560 11
693 441 69
1147 754 15
673 600 28
424 475 58
1053 374 47
345 500 33
1229 1010 28
834 440 67
732 317 92
1133 1185 97
578 324 81
1197 999 7
989 1152 23
1170 976 28
926 280 85
831 373 10
858 339 29
306 565 65
271 422 75
236 492 11
756 675 11
697 215 46
778 141 83
617 1132 97
761 1289 60
817 361 5
1176 1068 31
291 332 90
685 1332 82
922 1222 66
1002 323 5
633 1401 72
1236 1122 36
593 155 85
877 990 6
327 688 58
833 217 14
1035 1189 24
509 1038 50
1413 787 74
1197 1044 9
1125 281 90
1193 428 76
774 692 8
404 419 48
793 520 8
649 0 85
998 917 17
808 370 4
443 972 22
469 297 77
392 754 15
970 948 17
813 537 13
1323 695 32
897 975 18
877 172 33
466 219 34
201 459 27
197 525 40
1073 459 33
656 822 17
1298 487 97
1138 1007 4
122 530 58
404 1012 19
682 1213 32
364 534 3
1385 556 75
1007 580 11
798 552 3
1393 633 54
980 1255 53
1327 1038 70
1069 143 73
420 1129 78
965 612 9
476 422 22
187 676 85
831 555 7
573 1461 49
1091 811 17
448 391 11
1481 714 54
1178 1015 17
1130 999 5
906 369 7
73 564 34
354 802 42
1539 667 61
1025 1353 69
346 175 80
1484 989 96
902 1437 94
1455 1161 92
1305 640 10
947 93 71
1611 985 90
819 1318 46
1027 892 13
1026 995 6
456 706 15
1499 529 57
664 1552 82
755 1547 84
635 842 5
544 1002 4
514 389 21
966 583 18
1053 486 1
434 729 8
935 6 70
151 805 88
164 302 56
1586 836 72
767 1372 11
803 1680 75
1143 1035 2
369 731 17
1609 1106 41
1060 835 14
716 580 17
301 797 44
1548 1159 21
1384 382 94
721 1236 8
534 470 38
1242 223 75
27 446 92
89 374 29
305 854 10
1145 116 43
0 285 94
179 222 30
536 1250 76
348 845 7

183
1035 917 24
989 965 43
1091 861 61
969 809 85
868 848 88
1081 1057 97
1028 706 79
1195 876 93
1184 756 50
958 933 33
835 962 91
851 1060 96
1077 958 23
692 1111 78
1106 930 11
833 1223 68
745 1170 17
1115 686 21
916 1138 18
673 911 94
815 773 64
635 1274 100
701 1369 87
1040 595 81
996 895 10
1184 602 80
656 783 94
821 680 75
489 940 97
952 683 14
1084 762 29
952 536 93
569 1012 11
563 803 20
543 1226 73
1163 467 79
946 1087 35
992 1190 64
1319 435 96
1093 514 12
1180 1070 93
1071 421 32
1244 547 2
662 622 92
610 1051 25
889 1311 64
1265 672 38
1063 1204 47
528 645 48
1004 1270 23
522 1134 65
1228 1215 81
472 720 92
528 832 19
791 1441 80
1327 737 77
318 882 99
606 1026 11
825 487 83
991 324 98
1071 1268 24
1269 517 11
925 1258 5
842 1507 54
1123 948 9
888 427 8
755 716 3
1100 1344 71
1375 554 100
1335 1048 88
1005 1414 56
745 846 13
1326 1219 77
560 865 25
547 1030 12
1123 1261 21
1267 346 46
914 1560 79
805 360 88
1241 1301 10
966 1627 70
913 399 11
383 1101 93
1164 297 77
1161 1300 22
1070 1715 96
1068 1504 54
882 1173 19
765 1192 7
1372 246 100
1284 969 12
1079 378 11
636 517 92
1462 621 66
488 463 85
1275 201 34
258 965 56
160 1031 87
1322 1312 25
1172 1627 81
310 1168 65
242 1236 77
1429 1121 34
1164 1416 51
916 1250 6
928 713 21
505 374 53
918 244 39
503 808 10
1400 1392 96
1262 1510 84
451 570 33
1476 283 95
1116 535 15
1008 1566 13
1466 1189 66
356 496 74
195 1321 92
1032 466 15
1527 405 60
130 1128 36
1048 198 45
750 707 3
589 988 14
1382 1272 24
1367 77 94
997 1475 6
155 839 77
1006 438 17
53 1170 87
993 1551 2
230 1085 27
824 151 96
1157 161 68
780 1173 15
1110 1470 7
1476 180 19
1285 1355 25
941 1421 55
666 292 67
0 878 96
1509 1019 89
1592 1087 60
1626 291 72
1587 391 27
37 731 58
1283 0 100
1146 1238 5
1650 451 65
1243 956 4
203 768 18
1623 1140 37
286 569 96
620 342 58
1487 916 67
953 107 78
571 1061 20
1237 961 2
488 607 9
1368 883 74
403 626 26
906 1202 10
126 1384 76
402 1261 66
741 572 3
57 1439 50
1385 1167 14
1554 739 93
509 1065 27
1146 717 20
1636 529 65
962 1322 36
1208 401 19
1242 1347 35
1709 599 72
362 1382 73
1250 963 6
895 1159 6
517 1389 72
1013 1528 25
1723 522 12
1246 1392 14
444 1207 15

200
878 842 49
976 748 88
821 891 73
779 964 75
787 753 71
677 750 83
699 1012 58
767 841 8
787 650 32
727 868 32
620 959 76
919 621 65
627 632 93
730 1064 35
852 564 54
771 495 73
530 619 86
686 866 33
654 499 44
828 691 12
842 705 3
1070 774 96
722 427 40
1005 934 87
599 780 55
586 839 10
767 1080 16
568 413 84
656 354 45
832 1151 85
894 1053 39
578 1127 100
549 882 44
716 597 41
512 774 67
872 679 31
1121 601 88
844 1004 15
445 536 50
1179 792 94
681 298 34
812 342 84
509 473 25
715 1116 36
953 440 91
941 1042 27
651 1201 57
676 1307 72
1244 714 46
1170 675 4
479 1088 90
682 413 18
520 528 15
760 232 60
813 676 6
364 782 98
459 997 36
536 1340 85
456 413 41
898 1001 22
711 386 16
715 302 15
588 217 90
391 499 60
424 1283 57
319 1142 89
322 904 96
489 915 38
826 1241 90
381 990 9
311 425 95
374 659 74
939 1124 42
434 856 16
469 1237 17
1019 1163 86
823 615 6
919 1240 4
956 1262 35
980 1373 80
940 1008 11
492 1262 12
185 958 90
857 732 24
1344 827 94
734 1149 3
316 582 27
1204 644 30
908 1321 24
1337 938 86
1459 825 46
494 1215 17
556 1424 56
1126 1217 81
1282 688 11
274 556 36
1021 501 16
826 639 16
455 880 11
719 899 1
211 689 83
1265 1064 99
1164 682 4
803 1039 26
1129 1052 38
1195 905 45
1356 615 93
438 1198 28
351 549 12
529 338 41
647 1458 45
1078 1000 22
225 1047 8
149 761 94
439 239 91
226 601 18
848 1397 65
1551 917 88
608 306 6
754 617 2
879 1477 42
725 1373 54
690 903 7
919 992 11
220 506 27
1061 1371 79
541 1252 30
175 1133 82
128 513 81
975 1041 24
477 322 13
1477 965 49
448 91 58
831 1066 3
1277 548 75
13 601 66
114 599 15
1474 695 53
1248 925 4
458 834 13
138 431 64
835 1062 3
635 1512 38
194 1253 40
558 1593 75
1454 1042 34
982 1081 15
746 821 16
1078 459 52
1016 1051 24
856 1041 2
1252 921 1
965 1567 86
560 119 32
1080 1456 31
656 435 9
364 182 37
975 346 78
801 591 26
15 980 85
924 976 5
1169 369 76
450 735 2
1181 1364 73
896 966 16
1579 810 72
239 320 49
423 909 24
320 106 51
1113 955 26
423 980 28
1063 264 45
355 0 64
1018 518 9
922 1470 10
1096 1025 5
343 335 11
776 1322 10
509 1244 11
142 220 92
760 835 3
1509 775 7
891 774 18
478 854 16
1677 791 65
395 1003 9
467 720 17
195 571 23
317 1395 99
247 111 23
1578 706 35
422 1451 38
0 895 79
246 582 3
672 146 37
1240 908 14
865 234 37
1003 518 2
1234 486 33
1178 1489 62

200
880 842 19
820 901 68
943 788 69
824 760 66
968 936 83
959 1021 81
1095 869 75
711 870 55
797 965 63
843 683 59
877 1025 8
706 628 94
792 1082 93
751 769 42
844 1160 65
639 866 70
857 819 5
673 1088 73
630 1232 86
722 947 15
865 1014 7
571 758 87
1104 779 81
957 1225 86
713 792 9
1228 754 67
724 1277 83
655 961 50
728 525 100
552 1065 92
763 1354 67
1103 652 70
558 954 20
842 1399 56
1069 1090 52
1072 1032 27
939 599 99
668 757 40
501 901 61
796 451 53
395 898 88
1166 957 85
851 395 30
408 997 42
374 791 72
490 689 44
1132 1102 55
526 1234 78
610 1318 7
908 869 10
1303 827 75
748 828 6
1238 1013 71
1316 1137 98
857 517 17
1146 1171 33
1260 1230 78
525 1330 20
911 1092 5
855 1325 29
966 450 92
1430 985 96
1226 672 47
286 882 23
928 1318 33
829 319 69
461 646 45
484 1383 66
402 579 70
420 1191 41
261 709 75
905 327 44
1008 1152 18
612 645 33
903 1389 37
1324 912 30
1436 796 93
369 1262 76
1126 1033 10
905 1085 3
1057 1181 24
461 1050 22
556 477 85
1027 731 12
1181 1136 5
992 703 25
713 351 59
473 1139 23
220 825 50
1086 573 38
1557 921 55
558 377 73
328 1075 76
410 337 88
1019 1399 80
182 945 82
813 250 60
520 576 26
1115 1381 81
560 1308 12
711 803 6
1091 1229 40
567 634 33
394 705 28
343 513 88
641 426 23
965 1102 37
940 1487 42
271 462 59
530 670 7
844 1584 100
723 1446 39
885 1276 18
1017 1484 24
175 797 14
1200 1168 14
1014 717 4
322 660 17
355 632 21
88 903 98
1208 1119 22
301 1310 81
698 139 100
214 1208 60
1281 951 18
614 1379 60
256 1382 45
577 1474 48
1169 480 88
218 1028 32
619 245 58
1012 789 11
1070 1540 58
483 538 12
179 376 95
1037 520 23
1225 1433 99
685 1456 22
1182 1145 7
192 1316 36
1263 506 95
1135 1475 14
945 1435 10
134 761 43
537 216 42
297 634 11
1203 871 18
411 1407 33
584 1327 12
408 1109 40
920 1145 12
443 764 41
1433 674 93
1154 1300 47
499 124 96
206 1417 29
399 105 99
311 1511 99
404 1466 26
329 605 6
1126 315 85
461 1552 63
453 1652 48
1164 606 7
151 1145 85
758 390 3
1252 1533 74
933 216 65
1321 684 37
1357 1429 47
1559 861 45
753 1480 36
1645 823 51
0 1025 66
1049 1318 9
983 1652 58
1044 705 11
644 1575 76
378 0 36
1023 778 1
295 201 49
120 1293 45
1379 903 3
224 635 58
675 1395 18
1365 876 13
114 1386 63
313 621 10
1185 1640 81
130 580 91
849 1762 92
519 1586 20
1372 908 5
568 1638 40
1294 603 39
941 1350 3
1041 717 4
21 1289 56
61 1056 7
1334 1539 15

200
852 510 47
942 420 82
816 550 53
765 587 40
690 688 89
917 651 92
815 643 17
882 740 90
790 669 14
1081 577 94
862 852 95
1000 880 52
788 621 10
864 1008 89
1137 754 94
713 441 98
958 912 11
1042 961 75
741 975 42
900 1110 76
1030 770 33
1023 1154 84
1021 1255 86
1250 757 94
773 265 91
1143 1271 54
550 503 99
531 603 89
1267 903 69
1060 1348 30
786 791 14
919 1256 21
1396 900 94
1133 1418 81
767 643 12
1229 1047 86
1128 873 39
848 327 12
1412 1022 78
919 254 80
1283 1165 73
1311 580 99
649 845 95
1109 1156 36
1228 448 65
1531 899 68
1129 1048 19
367 675 91
1408 603 65
1513 1018 34
510 818 53
1176 1228 51
879 367 34
443 749 16
972 747 17
345 816 88
1447 703 44
1060 294 72
847 1330 96
931 162 73
243 791 35
814 353 25
1553 972 12
483 708 27
1274 1360 83
434 887 30
764 906 18
1130 947 20
1446 1093 64
1514 1120 41
1501 690 30
1151 428 67
985 1024 10
758 759 18
808 688 7
1137 357 26
442 918 15
1363 1088 9
1101 1312 12
381 937 40
1012 240 11
1345 820 14
791 700 10
940 944 15
466 779 17
1627 893 91
806 628 2
389 478 72
478 938 27
1561 597 84
1602 1085 60
1397 1234 65
1038 218 18
862 314 3
965 967 11
988 728 11
978 1032 5
754 1239 96
1489 428 100
1000 1056 20
927 1414 80
231 500 88
1695 1000 41
155 707 88
135 873 94
1359 325 66
1078 429 48
750 1124 38
440 806 13
1195 299 63
780 688 2
250 718 10
1337 179 82
1426 1299 71
1393 775 44
1659 588 95
1455 821 11
977 1478 54
206 945 80
1113 1067 6
1114 162 74
1019 375 13
777 779 2
817 677 5
1617 802 35
1737 682 95
511 1004 72
1268 372 21
1014 691 31
1293 348 6
1293 1446 79
1054 54 50
1736 790 18
49 809 21
533 762 44
1722 892 70
1480 793 29
1802 875 76
1282 253 12
111 611 42
377 377 69
438 1009 35
14 701 74
1486 1339 41
1070 1036 40
798 924 16
1312 436 45
1100 1573 80
323 591 4
1188 931 35
1540 727 46
1617 993 31
447 396 9
277 354 58
1399 1449 70
1270 1530 56
1128 1085 18
552 943 5
360 274 39
268 697 12
298 1057 100
596 703 29
1002 788 26
992 119 17
868 320 5
811 425 44
1858 807 50
1927 743 56
1191 1479 17
1597 1224 84
542 1093 77
650 1222 78
1719 1106 64
446 1204 90
1322 839 11
1497 753 7
261 273 52
696 929 4
1984 670 92
1461 642 18
1012 1395 19
1002 745 6
798 138 56
1039 1429 16
1004 59 36
1046 833 20
1307 366 13
1468 835 5
1462 830 2
1080 0 46
22 515 93
398 1048 6
761 795 18
186 358 35
1028 1380 3
801 690 1
310 225 17
0 867 49
788 731 18
1179 90 74

200
932 936 41
858 862 64
1004 1014 92
1054 829 100
1128 898 41
976 753 60
905 646 85
792 776 57
1216 1003 96
1081 1141 62
1173 1184 78
1235 787 88
853 1035 67
1337 863 46
1315 904 7
1195 680 50
853 714 7
976 892 6
742 914 88
1417 980 96
1112 611 93
953 1148 58
852 1174 71
1049 680 15
1290 1070 42
1334 1123 27
987 1224 33
1237 1134 22
1277 1187 39
1068 702 9
1052 1309 85
1318 1146 4
1064 507 83
1255 1101 6
1227 1241 22
1312 1315 91
717 1145 76
821 1290 98
1443 1203 84
1304 1132 10
714 729 81
908 820 12
1556 1109 63
1114 744 38
1050 726 17
1290 938 33
602 755 72
874 728 14
937 437 87
822 572 57
1027 702 13
1034 1182 19
743 651 42
742 1072 43
556 867 93
1176 1305 42
740 511 88
885 509 12
972 1418 57
1255 1391 57
657 1003 47
848 751 13
967 883 4
1603 1040 80
720 1324 91
1011 1158 9
824 685 24
1114 1385 41
1211 1109 7
905 349 81
689 420 98
610 1031 52
1338 1160 17
581 1086 55
459 881 98
1191 1465 52
977 596 7
440 758 27
570 1287 99
903 524 7
1675 984 73
959 893 9
1098 1537 100
822 727 18
482 1123 80
1018 638 28
914 762 30
894 807 2
374 998 47
956 868 13
823 333 31
403 799 18
873 497 1
295 1055 93
888 260 51
949 882 3
1533 830 94
806 638 12
939 892 11
428 1053 9
1388 1076 33
843 706 4
1437 764 81
599 378 80
420 1189 49
549 554 99
568 999 23
331 709 97
482 642 68
930 845 21
1374 658 65
804 229 41
871 1491 98
984 678 13
377 1222 27
488 991 48
614 629 38
879 797 6
263 905 74
543 279 55
318 1306 81
1245 898 14
1333 1027 3
1218 1347 1
954 821 4
348 519 94
855 476 20
712 1429 72
687 590 21
490 715 24
1302 572 97
1308 1160 11
216 827 27
222 645 32
1273 472 82
430 390 63
649 821 10
1001 1626 40
826 192 22
978 1662 38
877 132 58
1005 681 16
1189 462 24
407 1456 98
724 237 79
1267 1113 8
677 851 29
1306 727 5
158 1130 99
548 969 11
867 532 12
1198 1377 33
187 557 71
946 1263 29
1161 1416 6
779 381 26
141 882 55
115 755 95
990 908 14
183 683 9
80 651 41
520 749 12
783 1105 4
160 1009 43
202 947 13
604 1443 42
1317 1181 6
263 601 19
1146 698 2
274 461 32
436 1042 7
1247 1094 3
345 817 14
1188 393 43
1304 303 95
162 665 14
199 369 98
1238 1107 10
381 820 4
472 1558 100
0 633 41
18 712 31
1021 152 98
251 787 16
0 584 43
888 539 12
1376 375 30
157 1233 91
1437 322 43
462 742 4
418 1015 21
1123 326 79
1156 150 91
65 423 84
1729 927 50
1078 946 11
106 946 21
1128 454 23
1103 1713 93
1204 0 93

200
1124 473 55
1226 370 95
1069 524 71
1012 577 66
935 629 66
876 723 93
1043 750 78
1005 843 36
936 861 41
1030 948 87
1182 806 98
1197 658 78
1370 802 96
789 769 91
1310 670 40
719 882 86
1339 961 68
1226 574 81
1434 875 31
887 1046 98
1394 911 11
1311 545 39
1257 720 16
636 919 68
609 988 30
1375 432 87
1386 593 51
1243 956 58
1342 1050 70
567 947 23
954 795 17
861 948 67
1277 699 7
1505 567 85
486 1025 95
1511 662 87
708 1059 82
748 1167 42
658 1255 88
1598 656 8
1612 641 13
1651 716 71
974 822 11
799 1112 14
581 1198 89
1443 963 48
795 972 7
822 1181 41
777 1136 5
1522 947 71
723 1366 99
1442 1072 57
928 820 15
1281 747 12
1281 707 2
1121 678 28
512 904 33
579 830 56
1668 599 56
627 789 8
667 751 36
1344 1193 79
1299 729 6
396 992 87
1268 707 3
891 815 8
590 762 33
1275 713 4
818 1134 10
1268 734 2
1195 1100 86
1286 718 10
1066 1190 92
1541 850 69
360 906 39
1662 983 81
727 691 33
686 666 23
1775 594 81
1578 789 3
1596 804 19
298 970 35
1568 490 88
1270 736 1
646 705 29
788 640 32
928 1275 71
1471 391 18
218 893 83
871 847 24
598 669 49
1631 854 32
302 896 12
692 558 92
824 482 84
1705 764 64
829 1379 46
226 805 87
338 862 30
1401 676 33
1367 641 2
1700 909 44
93 742 71
1745 678 25
1831 768 89
1640 1061 48
1775 495 56
1499 1015 1
1829 865 72
1513 295 96
1670 818 8
733 1468 78
879 1512 90
1514 1182 90
411 787 87
1236 251 95
1258 873 22
279 653 89
1642 436 62
1347 233 50
808 1227 27
1460 1299 40
768 996 20
612 737 7
987 807 4
1684 831 9
640 778 7
190 633 48
139 683 5
576 1528 96
468 855 23
499 740 42
1933 755 56
326 523 91
551 689 18
1866 685 15
1939 628 76
119 926 37
1593 896 11
1415 1126 7
837 1594 48
2033 650 53
962 1472 89
923 487 41
1719 508 20
1407 1118 2
1804 1029 80
1358 130 73
1074 187 95
1434 148 46
520 673 28
1535 1040 39
1760 1176 90
620 745 2
1583 1004 11
1693 482 9
442 566 88
1259 492 21
1104 92 65
1710 431 11
659 797 12
1706 860 24
1840 658 15
1405 1304 36
950 375 78
566 627 24
1346 42 60
1569 1078 15
1774 695 6
1068 627 32
1223 50 63
603 1625 84
2041 734 48
1906 434 94
1612 917 11
2041 840 59
492 1415 90
2074 470 98
165 970 12
1954 991 79
731 1692 61
1272 112 16
1870 1076 7
239 1068 86
43 631 97
78 511 79
415 655 44
1428 1139 10
1446 365 10
1853 571 25
0 830 83
1185 1319 92
1241 145 20
1355 650 12
1687 1319 84
1183 0 29
1215 113 13
552 707 9
1949 904 51
857 1204 1

28
105 256 50
0 360 99
202 356 91
168 511 98
155 201 60
269 290 59
311 390 46
257 444 13
296 501 49
366 373 43
397 313 62
194 621 79
217 262 3
329 666 81
239 125 86
478 255 91
371 178 54
325 234 20
376 569 35
293 205 13
556 174 98
474 86 74
210 254 8
457 505 91
362 782 100
232 232 16
411 0 93
275 426 8

28
335 305 17
385 349 54
437 210 99
265 234 78
255 402 90
163 342 34
136 286 41
368 128 40
489 450 92
317 99 22
378 512 39
592 380 80
186 235 15
85 266 47
137 199 42
272 0 97
319 609 78
0 180 75
186 482 95
501 289 16
467 34 90
144 56 81
580 70 67
508 632 97
103 405 48
245 152 23
629 303 66
694 204 70

37
450 481 6
497 517 56
514 406 70
386 427 60
349 577 100
633 421 80
461 466 10
492 288 87
594 494 19
400 256 83
439 457 4
336 143 79
599 316 27
288 383 56
272 326 59
192 279 49
687 241 90
162 432 91
74 401 78
434 484 13
755 313 47
269 191 41
588 341 10
805 356 28
851 177 94
191 524 66
137 336 12
635 135 72
525 125 64
0 263 88
490 0 100
696 580 97
829 82 72
80 159 82
721 59 39
948 193 50
193 113 63

37
210 337 2
255 309 51
255 385 48
195 378 18
117 285 99
341 389 40
269 459 52
217 355 6
428 303 85
205 335 3
345 222 48
200 342 5
209 353 8
215 122 95
465 478 97
133 443 61
236 528 49
303 617 71
533 408 21
0 293 100
201 361 1
517 390 5
209 362 3
559 330 56
473 225 52
198 358 3
426 155 35
112 184 14
347 85 63
628 330 67
635 415 38
257 0 45
555 152 70
178 536 41
648 246 26
69 119 58
568 444 28

37
722 381 65
835 268 96
663 432 77
576 500 99
527 588 87
389 447 99
559 299 94
436 643 63
467 381 21
284 513 94
413 710 37
497 789 79
740 127 88
291 756 97
217 590 81
427 342 23
616 680 43
665 193 13
146 643 55
687 756 94
425 882 40
636 233 19
702 582 74
809 682 50
380 289 48
546 146 96
113 699 36
0 773 100
654 310 7
368 829 18
589 0 76
650 246 9
450 136 66
185 753 37
414 22 56
380 609 3
358 650 25

37
164 225 9
127 266 47
181 240 13
215 210 33
311 129 93
100 146 85
244 287 50
201 338 31
265 405 64
381 417 98
243 0 92
176 315 3
436 273 61
394 531 88
156 370 47
495 434 19
537 479 44
492 526 19
517 272 65
315 222 31
441 197 16
181 212 9
246 576 73
239 662 83
629 393 84
369 702 59
112 516 95
168 199 6
365 808 68
473 807 64
545 571 50
478 919 56
574 918 62
0 166 85
102 314 10
397 884 15
601 665 95

5
114 269 47
205 171 89
40 340 96
0 163 95
164 0 98

5
111 113 60
0 0 99
175 181 86
241 241 72
309 308 73

5
208 83 41
289 0 81
128 158 89
102 5 69
0 121 51

5
235 106 57
342 0 97
125 215 98
134 5 88
0 129 71

88
492 490 28
547 549 55
459 460 36
429 415 51
433 543 51
325 558 99
516 620 51
359 389 69
639 523 83
243 500 51
575 394 94
728 532 72
516 272 97
314 315 65
641 620 16
304 668 79
471 715 63
698 675 73
809 564 38
763 411 58
401 638 14
809 453 11
888 380 74
807 464 10
189 437 82
893 293 82
885 491 39
556 833 94
403 767 23
835 482 19
1016 422 69
455 834 49
426 662 12
346 817 53
603 673 43
700 752 64
303 441 13
550 728 17
809 612 15
845 652 42
424 203 55
935 444 13
739 256 86
215 236 85
981 288 29
1004 500 60
772 153 61
217 670 16
155 724 76
565 946 66
396 141 44
145 604 58
0 740 89
162 161 91
906 643 61
933 574 18
970 746 98
614 759 22
1039 353 55
370 903 37
955 598 8
308 981 98
649 110 72
52 491 70
831 870 91
431 958 36
844 149 37
413 860 12
947 61 100
343 123 43
207 781 36
138 840 46
521 1037 64
1140 306 71
224 923 71
686 968 63
222 583 7
367 724 26
300 0 94
526 99 54
772 71 48
483 15 85
610 608 9
256 841 24
648 854 26
1085 227 69
393 1156 99
1218 345 64

88
817 852 45
731 935 77
913 753 96
715 756 96
782 605 70
865 903 59
775 1008 50
867 605 56
925 484 93
832 952 11
651 919 78
554 899 86
510 1049 93
416 1031 61
533 1141 58
851 971 13
883 1001 33
543 811 59
1072 649 95
646 689 84
603 1068 16
657 1003 23
416 744 99
725 1071 58
621 1210 86
956 1060 92
581 598 75
439 911 61
648 462 80
741 438 95
314 922 71
825 1005 25
314 772 78
513 543 62
639 1122 38
784 296 94
832 1048 19
773 1130 70
883 314 57
850 1165 17
844 539 13
445 489 67
1020 451 99
1111 303 98
500 678 9
1099 936 98
417 627 35
407 433 48
311 535 79
890 1235 64
1241 815 98
288 616 53
207 632 35
1021 860 12
140 710 97
140 572 43
1081 807 60
863 1154 3
537 337 91
977 221 71
993 829 21
359 391 32
776 175 98
370 843 12
424 337 41
545 201 98
633 330 20
948 155 71
263 691 24
806 510 27
1176 597 58
884 197 10
304 447 30
224 550 15
666 362 15
1096 97 97
311 323 70
208 896 56
204 347 99
1036 1124 88
0 676 100
1266 475 97
601 1084 1
634 1028 22
1101 1233 97
800 0 96
1016 1351 79
1010 850 3

88
358 519 3
300 596 96
368 507 15
397 536 26
471 448 97
320 459 52
405 359 49
315 298 75
493 623 96
639 607 91
611 506 29
266 215 96
617 741 45
683 425 80
334 758 70
650 262 90
783 469 72
554 295 56
825 557 62
487 265 48
520 832 90
732 652 59
658 722 22
711 844 96
603 167 80
791 766 69
637 957 45
221 539 56
762 371 23
930 429 86
926 647 85
428 849 31
556 358 8
330 932 98
545 513 6
817 303 75
530 128 51
734 224 8
617 361 13
576 976 49
391 810 8
557 1052 66
240 850 41
786 185 52
717 324 24
212 656 58
170 138 90
415 679 15
436 701 8
672 1061 55
592 1134 28
181 475 27
70 528 96
218 375 65
521 1204 72
405 702 13
138 355 64
404 828 1
772 978 52
370 663 29
876 1013 84
839 914 25
654 1142 33
432 1179 70
1052 491 83
110 275 57
402 831 2
0 141 87
885 1104 75
998 1160 65
214 808 27
412 820 8
773 1152 57
569 462 17
319 1067 48
160 8 86
316 0 84
446 215 48
911 819 77
126 741 68
432 723 15
704 1194 32
460 751 19
61 432 17
1027 1230 72
1062 798 100
204 289 5
477 912 33

88
628 519 1
657 568 56
567 552 64
565 472 45
508 526 12
663 634 32
771 557 76
542 678 78
473 561 33
653 484 34
466 642 39
373 653 72
696 403 91
768 717 94
355 550 72
409 418 97
395 733 59
278 551 41
857 648 21
259 649 43
507 411 26
569 358 44
878 605 31
639 301 27
253 770 87
556 287 50
612 345 10
156 769 96
924 587 46
524 814 91
484 354 33
927 650 18
575 230 49
444 315 12
1000 731 94
475 493 23
276 884 33
166 544 84
626 209 32
343 829 43
241 445 47
452 587 15
670 119 70
898 697 30
623 859 76
970 607 31
826 794 69
494 984 88
900 878 74
94 907 74
750 190 85
604 53 82
366 897 41
623 677 15
362 246 94
492 267 36
414 943 8
303 604 3
1048 538 74
483 213 31
496 480 9
695 967 96
0 920 60
326 949 35
516 459 13
44 682 60
824 250 95
685 251 33
739 879 31
573 161 27
793 1009 66
399 963 14
783 921 16
112 1022 67
525 0 77
230 599 12
712 1092 31
825 614 22
382 119 77
215 1040 83
935 542 36
860 942 3
408 886 25
1159 676 75
11 990 11
533 1107 71
286 302 34
326 1151 82

98
432 668 48
344 756 80
329 572 97
501 730 76
245 658 37
142 557 95
202 701 53
371 844 59
547 579 83
508 913 96
626 615 51
615 832 50
410 425 96
142 764 81
723 752 97
735 923 76
836 825 38
929 913 91
576 1056 89
668 1075 71
735 1204 82
921 748 76
269 421 49
656 1002 7
286 700 7
793 622 100
715 523 56
502 381 96
887 581 86
1077 738 100
646 482 54
634 427 42
777 476 24
352 347 49
1052 624 76
301 310 21
790 445 30
369 245 68
700 334 98
223 859 44
12 707 71
304 684 17
860 1025 51
247 241 59
354 143 59
780 1126 51
635 259 45
547 1205 89
1201 783 93
800 1030 45
1063 930 89
727 433 29
260 970 80
589 473 4
502 118 93
275 803 13
970 630 8
432 1214 79
877 395 89
404 1088 54
575 317 17
913 1114 72
455 1112 5
1001 458 52
802 965 12
859 1206 39
964 540 16
499 0 97
772 1295 76
627 130 34
424 285 25
106 841 74
442 778 14
397 14 21
143 330 80
265 346 29
993 1161 91
324 1186 53
583 220 25
186 925 10
581 465 8
753 245 68
700 196 21
927 1276 57
513 274 56
640 670 17
677 169 16
400 1350 70
801 1412 86
388 1036 44
1146 1032 69
606 9 16
294 1355 67
788 979 2
265 770 21
0 896 75
591 426 2
562 679 18

98
641 647 4
709 694 79
600 670 39
656 631 14
594 584 58
758 567 97
550 624 13
497 549 73
482 728 95
575 817 69
362 677 87
640 630 3
532 646 9
669 513 24
634 443 55
492 448 81
395 444 44
647 744 5
731 460 40
672 400 27
548 281 99
641 871 68
693 921 70
703 431 9
761 985 78
301 547 62
738 324 83
790 400 27
566 643 6
869 307 66
640 224 19
627 353 25
852 543 82
867 452 53
585 181 39
819 1051 70
777 218 35
178 662 98
731 128 89
852 155 53
634 637 7
956 438 38
844 238 25
333 806 60
550 657 12
925 160 63
945 52 64
943 315 74
877 0 63
915 479 7
1006 581 100
717 418 7
745 769 59
837 878 57
625 766 22
574 382 8
205 843 81
818 265 2
830 364 17
364 859 37
104 744 24
859 397 22
873 209 5
639 543 6
428 966 94
1033 367 42
1002 82 20
575 473 6
367 481 4
301 937 50
1151 495 94
534 1046 93
29 667 54
1088 425 20
568 1133 79
977 108 8
692 419 4
655 1084 28
693 1046 14
1010 143 32
906 856 70
986 679 58
517 625 13
653 172 13
620 203 3
592 398 13
634 153 13
0 815 99
347 457 27
804 72 15
829 414 11
825 51 11
694 209 34
1090 788 93
1105 162 89
1039 222 34
834 683 43
825 95 11

98
755 687 6
778 657 33
708 589 66
806 680 33
858 573 83
829 456 94
956 579 47
734 706 23
632 639 82
705 680 7
973 444 54
684 703 21
1023 508 31
828 705 20
746 677 5
887 651 49
1088 573 68
1055 708 97
910 382 17
570 702 87
962 679 30
1185 669 57
1079 451 51
1175 587 25
1250 495 98
1070 352 54
770 705 13
1260 595 26
1018 383 19
706 429 93
836 330 59
1163 360 41
630 511 19
1014 408 4
654 309 94
1143 427 26
584 465 41
1082 255 80
1028 400 1
510 506 59
392 653 98
958 304 58
479 607 8
1155 607 6
1166 256 59
920 251 26
517 396 53
408 290 100
447 571 29
385 515 45
1215 620 17
988 354 22
1087 167 30
722 202 97
610 525 6
512 161 74
1113 407 10
282 412 89
887 223 26
1335 676 87
1146 614 5
588 557 31
835 169 44
578 73 51
521 566 35
855 64 65
973 127 74
1164 616 5
1048 130 13
256 524 39
455 461 15
622 101 7
700 0 99
427 432 27
1418 634 71
152 436 67
766 111 26
639 89 11
959 213 19
649 123 23
169 524 40
1063 147 5
1126 407 2
989 240 14
306 603 53
841 271 37
603 126 18
143 624 82
849 684 2
1295 382 87
0 568 91
793 84 2
1435 519 79
940 704 8
74 422 71
1149 98 64
990 543 5
1078 133 15

98
695 648 41
614 564 76
739 692 55
790 762 78
603 749 95
749 904 83
872 787 51
974 889 100
446 702 100
593 851 80
466 869 50
805 552 100
813 1031 70
910 629 82
909 1059 80
648 401 92
482 419 90
464 974 78
877 850 12
637 270 95
345 584 80
966 701 65
603 1034 84
345 985 94
268 886 88
1055 796 31
693 485 4
1098 764 27
1066 936 85
368 1080 28
771 1181 91
281 525 80
227 447 67
311 1145 59
847 879 26
1130 724 45
1164 897 83
1259 819 98
1109 666 58
216 756 93
233 1051 37
889 951 11
1000 535 80
922 1139 46
1047 1033 55
528 1156 90
859 407 69
329 819 35
654 1279 67
602 1347 85
1208 631 49
1177 738 14
531 1395 58
1095 519 80
1145 379 87
170 1138 82
1324 725 82
1213 578 51
533 284 40
439 1176 69
518 815 5
654 1506 88
1298 553 52
947 399 65
365 305 81
121 951 81
390 1283 74
814 846 9
115 859 12
1372 629 27
403 1116 13
1434 618 36
1303 477 72
424 173 92
371 777 10
859 312 35
503 121 58
1417 586 22
399 0 84
760 296 55
1495 744 97
28 979 83
300 372 13
361 795 6
780 238 48
467 1471 51
300 1325 96
1415 813 10
980 1102 22
655 139 80
1006 1074 9
285 126 60
1494 906 93
0 1072 46
864 1196 22
430 1055 16
1399 447 90
785 114 67

200
724 1178 60
619 1073 89
795 1246 90
841 1333 97
967 1407 94
830 1067 93
756 946 49
1009 1511 98
714 972 12
737 996 13
1133 1577 81
691 938 23
621 876 85
901 1132 28
791 868 81
491 944 75
953 1183 45
743 759 40
874 835 70
824 1556 93
783 728 38
866 1167 15
851 663 92
728 667 32
844 557 94
462 1024 75
963 933 69
982 678 55
678 741 55
985 1068 65
898 1620 18
1074 1050 72
737 542 38
1077 973 33
697 1411 68
974 790 45
1111 679 92
1157 1076 75
984 519 81
1071 1148 27
854 411 55
1033 1279 53
1036 374 100
569 1149 54
825 1710 75
742 1623 13
894 1235 14
913 469 6
1104 1267 57
977 1222 7
1234 1172 76
929 334 35
659 968 15
380 1060 50
784 481 20
515 1180 29
681 1486 64
610 1295 92
693 1007 17
364 1122 30
458 1238 54
1106 808 85
1004 1232 8
1016 229 82
995 1242 2
741 439 41
944 756 3
1158 1356 63
995 1203 15
553 1382 65
1174 379 94
1030 1176 24
296 1037 66
1237 684 66
1149 591 30
1158 901 54
918 1212 13
1309 1241 97
924 261 21
1150 491 22
970 1700 88
1242 944 54
993 1221 4
1036 931 12
1179 227 77
1081 1443 25
814 368 41
1055 600 26
917 753 20
702 1340 5
830 773 12
943 1239 17
464 1292 48
918 1262 9
1187 626 10
665 477 52
1108 1204 23
1175 1676 92
1119 457 14
323 1122 15
1222 597 28
574 641 91
361 1339 67
977 1274 30
696 989 10
1263 490 85
277 1171 57
1339 1068 77
931 1817 54
1101 1179 5
1265 320 19
1344 688 98
1207 810 48
1290 904 50
1083 496 30
1395 801 94
897 964 26
171 1024 95
887 306 26
1423 625 82
1068 889 33
802 764 3
353 871 99
213 1116 25
656 601 62
797 770 5
1163 964 27
1116 1404 16
1302 370 36
446 769 41
1020 1219 9
1125 1848 88
855 925 20
1385 1323 76
481 1460 99
771 411 2
1177 1475 56
617 1489 12
1309 1505 80
388 1223 28
1557 779 89
1006 1132 13
934 998 16
1032 98 88
756 331 50
515 1239 6
522 832 39
422 1168 33
569 1578 52
1234 999 2
1364 981 44
1021 842 23
1274 1712 79
1487 512 80
860 322 9
685 1695 70
505 705 30
1289 1801 38
1418 1397 35
1216 1406 21
709 1591 29
1374 379 38
1449 964 49
1319 198 99
854 162 94
1497 1447 64
721 290 53
1266 1358 31
109 1191 88
670 982 13
17 1178 66
1126 120 30
578 778 23
1283 104 48
341 1273 23
1353 315 29
1455 293 71
1545 966 79
564 522 32
0 1078 39
332 1155 4
994 869 8
1352 581 7
726 1638 5
1435 1081 43
785 226 22
1164 14 72
894 1185 17
1109 546 29
825 292 35
734 1046 26
1082 1769 2
1239 291 12
1011 0 69
1075 1956 95
518 770 31
1486 1217 81
812 454 13
799 1880 94
600 537 16

3
50 48 28
99 0 41
0 98 45

147
759 908 25
685 982 95
686 840 71
813 961 37
546 968 82
686 1091 71
554 845 47
915 1047 98
567 731 69
450 948 83
475 757 49
605 618 95
431 856 42
329 824 65
477 627 40
700 599 65
339 993 100
608 517 28
912 866 99
556 1054 26
392 677 59
832 723 68
405 1109 75
608 791 8
843 1116 64
612 1096 31
779 672 17
793 1199 71
401 747 12
538 547 42
591 490 21
813 848 39
324 747 15
770 756 26
851 624 61
487 505 29
462 471 37
716 721 48
863 476 99
773 547 18
480 1167 94
712 404 96
508 378 92
967 732 58
524 469 14
551 1267 91
579 1095 18
622 462 14
673 237 76
651 1164 16
973 503 97
355 363 73
1068 634 77
748 646 15
1083 837 75
241 832 75
658 774 10
670 1330 86
755 693 8
805 575 15
773 328 27
238 711 51
338 584 88
378 503 48
1197 757 67
559 1116 5
788 878 13
1241 682 86
625 1189 19
587 321 17
778 599 16
429 774 23
260 402 96
1127 687 4
439 566 25
762 653 5
497 243 94
579 1068 7
625 1141 15
564 114 57
736 675 16
1112 553 45
1150 589 8
1027 747 21
124 797 67
138 611 97
630 884 3
1058 711 18
634 889 3
617 901 15
421 426 8
606 1173 16
1204 457 93
1165 570 12
1359 599 81
1171 610 15
772 782 15
799 811 24
771 640 9
628 774 16
0 669 86
460 1056 8
708 1448 92
771 841 6
1031 326 96
398 454 26
813 363 14
1095 751 35
735 283 22
250 503 19
806 212 75
4 755 49
725 508 27
860 376 31
1083 1027 96
644 762 4
236 909 28
924 302 64
811 91 75
245 263 45
1040 204 57
799 1463 59
629 355 26
997 925 19
899 115 27
902 193 33
945 236 12
933 227 4
981 1127 6
657 325 4
654 489 19
1131 301 69
588 430 28
973 1231 95
777 0 96
1073 1232 89
721 1547 26
423 729 10
712 115 30
1104 1360 66
764 1036 21
807 318 29
927 1355 90
1172 162 76
983 196 40
70 838 34
1293 300 91

101
1167 898 55
1271 1002 94
1106 841 74
1070 773 70
997 735 38
1096 620 91
1212 720 63
1039 691 7
973 671 42
871 649 90
877 767 63
1001 522 75
938 474 69
854 379 77
932 904 100
812 778 28
835 565 45
774 673 54
738 530 74
782 881 60
706 605 15
774 460 5
701 823 87
804 490 33
1062 991 73
612 683 90
789 325 82
769 730 27
614 504 87
1169 1099 68
725 229 93
633 402 59
1325 834 90
525 501 50
1394 893 31
754 435 25
1451 956 64
1230 833 13
1350 1069 61
701 395 28
445 653 84
1465 818 53
634 342 47
517 602 13
1237 1178 63
1208 857 13
515 293 100
557 758 29
706 734 14
488 397 41
472 570 35
457 429 22
378 354 60
886 1001 83
664 138 75
1023 704 11
532 740 6
604 804 24
1449 1147 94
397 486 61
731 637 21
673 981 81
1032 1147 85
551 577 24
598 98 39
1537 1046 42
1568 1017 36
963 1095 37
1158 1261 57
473 851 98
254 332 96
570 879 36
1450 712 57
410 180 90
1547 850 60
516 586 11
548 20 67
333 124 84
724 1140 87
1635 947 62
536 620 10
577 997 61
541 1108 69
440 415 2
1538 733 38
435 534 3
696 0 73
313 811 77
158 264 100
728 712 13
950 782 12
1349 611 87
440 1121 96
294 458 44
411 550 24
809 1034 47
1231 881 13
109 176 63
1049 700 4
1306 1270 53
0 94 82
