100

10 0

2 50

3 2

12 50

50 43

49 33

50 49

1 50

3 1

4 3

50 0

1 49

1 25

2 48

3 50

4 50

5 49

10 50

50 50

1 0

1 1

1 2

1 3

2 0

2 1

2 2

2 3

3 0

3 1

3 2

3 3

4 0

4 1

4 2

4 3

23 4

28 35

30 36

22 16

33 24

26 39

3 50

27 42

2 6

1 16

31 46

35 0

21 36

28 14

16 33

33 22

29 15

3 35

24 45

45 22

39 21

36 36

49 12

16 50

47 2

9 21

7 23

38 24

33 34

17 6

42 14

45 21

14 30

48 7

50 26

39 22

44 18

50 15

36 16

23 34

37 2

31 19

37 49

26 16

47 33

15 38

8 40

14 24

32 16

39 35

10 28

1 10

36 40

49 5

5 17

33 39

35 30

28 23

49 2

39 16

42 38

34 43

31 45

41 20

2 36
