1000 505
-5983 7905
-1861 -2963
5514 -8459
6658 -3751
7160 2623
-1816 -776
-5499 7832
-1592 -635
4024 2262
2763 -9242
-7834 3371
2973 -2930
-3182 2015
-8717 -6019
-2821 -877
5278 -739
9284 -1236
-2281 10220
-7351 -4055
-3513 -4905
1050 -7086
-7901 2669
4318 7538
-10297 -7260
667 -1844
9573 -5536
7560 9287
9741 4102
4276 3794
-4096 1966
6176 9151
4529 -910
755 6223
7705 3568
-5637 -2963
1491 -4751
-2820 -10452
4862 -6654
9330 9404
4223 1137
-1349 4395
1500 1426
7974 -8563
4194 7053
-3090 -10492
6127 5445
-5628 7105
1225 -6125
1769 -8736
-6918 2191
7411 2990
-7809 7176
-7942 -8001
1116 4090
-1670 6181
-7448 8329
3943 1208
2751 3215
-1540 9966
6202 -1096
-7753 3885
5883 1542
3272 -1217
7637 8942
10088 9961
-5087 -586
8865 -1097
-3300 2453
1041 9702
-7622 -5489
-7162 8077
2134 -2356
-6098 7196
-1150 6359
9874 3112
-10327 1926
-1080 -3829
8051 -7891
2053 -1585
4117 10003
9855 5770
996 -2399
7039 5090
-9643 -6165
-7588 834
10028 9444
1407 -3381
6824 9283
2917 888
-1977 5466
-3745 -6769
3673 8856
-6735 2101
935 -9580
9601 -10224
-4633 -1867
-1598 -10113
7045 -4896
-894 -4699
-10439 4120
9439 1365
4830 -3698
-7460 -3995
-9215 9861
10353 1659
7520 3225
-4767 3321
-8030 -10348
-4766 3020
-4760 7007
3326 -1694
5074 5175
1157 -3328
2019 -4493
-4701 -7731
-10134 1902
-2067 -6576
-4909 -2379
9225 977
-2313 -2922
5204 -806
10292 1475
943 4305
-3272 2948
8838 1130
2293 -2494
859 -780
-9406 -9718
-4597 -2134
-3852 -8452
10188 -8379
2330 -2551
-7327 -6434
-9528 3231
-1454 -6230
9352 -3682
6192 3239
-8116 5672
1118 -2104
-3958 -2351
6230 9055
-6526 -1976
-7913 -2041
751 1671
10525 9635
-5794 10423
-1628 -2753
-8706 -7188
-691 6219
8799 -4847
-3588 -811
572 -9278
-10116 -7488
-7968 7657
-6061 -2718
-7192 3405
-606 7500
10227 9469
1046 -7493
8613 -8061
6701 9783
5781 -4901
-7979 -9511
2863 -3316
-9551 -3131
1986 4970
-7609 2158
-9203 9388
-5696 2928
-3208 -2884
-7389 8532
-4766 -6271
-7550 -4624
3621 6446
-1508 -7232
-574 5061
7269 5683
-9827 -1070
3515 1996
-2015 2055
-3843 5219
-1970 -7728
-2959 -3025
8255 8382
2501 3624
-8045 -3195
10333 -8313
-6553 3028
2423 6667
-5010 6921
8626 7739
6140 -6929
9990 -1286
-3102 3427
9963 -9937
-1460 3678
960 9681
8014 8097
-4390 3620
-5423 -4244
6482 -1718
5838 -1277
-9278 -7213
4344 -6604
808 -6254
-9084 -9600
5345 -9108
8430 -2607
6239 -6928
4389 8387
1596 5604
-1181 -2071
-3605 4567
-7462 -10206
5804 -9461
2019 5804
-7207 5740
795 8971
2222 1232
-779 -1847
6369 9623
6915 -1266
-6527 589
1412 9122
-6544 2098
8856 -10446
-7373 1495
-2011 9204
3634 -4309
2346 1798
-7491 -7990
7435 1048
-628 7833
-6277 4500
8015 -2754
2115 8918
6386 -9400
3189 5088
-7886 -2278
-8207 -9879
-2282 4362
5288 6020
-1566 -5417
-1164 -1732
-9288 2489
2779 1465
586 -4726
2984 -1575
-6313 -6526
6490 -6935
-7424 -10548
3759 2664
-4524 1824
-8980 -6153
8750 -3421
8318 -4672
-3979 3210
3316 2374
5903 -1563
3938 -7160
-2422 773
8024 -6951
8145 4341
6361 -5369
-2983 -6729
4796 1735
-2066 9765
4735 3245
830 -2288
8975 -4861
4829 1348
2097 6908
10245 -8978
-7260 -3154
-4656 -3275
-10316 -9375
-8508 -9976
961 2385
-8537 659
-3342 -8495
-4669 -9740
8171 -737
7171 6405
4915 -5509
-8968 -7030
-1478 764
-989 -8074
-3512 3611
1607 -8384
9520 -2858
-6786 4747
8362 3112
-2170 4530
8086 -5510
-4816 -2817
-8855 1703
2860 2166
4437 -9399
9893 -2853
3323 -2385
1754 8676
-3946 2566
7404 -3696
-8452 -3725
-9442 -8998
-6113 -670
9332 6554
-5293 -2262
-3344 5252
-2280 4918
-5352 -1870
4213 6595
-4354 839
3340 -9560
-2695 7876
-5368 -5952
-7317 3465
-4681 4284
-1709 1924
-3651 1507
-4277 -10307
4974 3852
8486 -5657
-4708 -7094
2191 -6573
2806 -1121
3201 -5258
-4343 -8387
7873 -2368
5471 3908
7193 3858
-7305 -9138
-8471 4022
-1141 -4621
-4077 8392
-9463 5900
7487 -2647
2119 3286
1289 9862
-8287 -5962
-8646 -9309
-9776 2712
-2265 5734
-7789 8677
10216 816
-7806 -7051
-6924 -2335
4542 -1255
-1651 -6585
-1630 -10361
-2142 6811
5392 -1160
6835 -2738
2716 9003
-6699 3363
-6862 -1905
10101 -5124
-2454 -2970
7298 3504
-6711 5451
10103 8327
8169 -1678
-7967 2923
3336 -767
1366 -6548
834 7441
-3311 -2813
-9020 695
-6462 -8149
5550 1883
-1758 -2271
7650 -10507
6493 -7603
3721 -4951
-4971 -4090
-2422 -7540
-4335 -661
-9073 -2396
1090 1623
-9093 -6987
1282 10151
2595 -5412
-7984 -10111
2621 7066
1362 -1135
3019 4727
2657 -8011
1482 4808
-5212 -1176
10072 4703
2804 4931
-2617 2928
1631 -2731
-5573 -1893
7909 -6354
-5303 -2842
-6981 -10016
-6064 -10210
3569 8800
-3778 -3680
8446 9264
-6677 -8414
-9205 -3925
-5574 -8697
-1732 -3893
1619 8051
1934 1548
-3072 -10448
1559 -5832
-7413 -2009
-3657 -3116
-2910 3181
6594 -2385
-7849 8619
-7699 -896
-1995 -7561
-2706 6489
8924 10208
-4825 1439
7990 4141
-7909 -10186
-3162 5506
5416 -1379
5948 851
-10071 2108
-7954 8201
-2717 -4294
-2632 8162
-2934 9880
7103 6575
3317 3727
-10393 -4885
-8286 8681
-8542 -3757
2093 3896
5947 -7796
6445 -3637
-2046 -5660
4386 2714
-8091 2969
6736 10087
-8634 2308
3089 -8655
2647 -9867
-9667 1512
7664 3631
-2519 -6542
-2939 -2677
-2947 9792
701 9094
1665 -8257
-7508 -7167
4734 5912
4766 -1793
9132 -10225
6127 4786
-4736 -1914
-2815 9786
-6389 -8583
6442 3991
1303 7134
4222 -2954
1017 9435
-2753 -7112
832 2926
1416 -7098
6117 2328
-2657 6140
-5479 7826
-6970 -9730
-790 2198
6903 7902
-9177 8884
10240 -9708
618 -2846
-2193 2615
9813 -5756
5081 -9632
908 -1656
6571 -2446
9701 -9267
8624 7801
-1642 3071
-9458 -9453
3304 3811
-7922 7214
6881 -3307
-9812 7534
3243 3141
-8734 -10296
4622 -1060
-8924 -5897
-9706 -10001
-7695 1298
7903 3301
7513 -10391
-8163 4688
5571 -4851
-2511 -8293
5128 -994
3682 -4684
-4967 1141
-6844 1839
-3396 -2513
6500 -3213
2504 624
-1940 -7530
3740 8687
-4647 -6109
10370 -10270
-1330 8080
2316 -2436
9512 3140
2963 -8280
10452 -7723
10498 8265
-5699 -4876
10136 -3719
-2663 -5234
-8121 6359
7670 -1245
10445 -8915
-8649 1871
1200 -3912
4685 -6704
-561 -2486
-6901 4395
-1331 4756
-5126 -4959
-4047 6201
-2506 -9167
-7248 2388
-10365 2435
-3541 -9077
1011 -9012
9762 -2369
-784 -1299
-1232 4242
2750 2851
8408 3652
-6251 -795
6572 7498
9481 3189
4063 9911
-2764 -9634
6759 1413
-2095 6819
1746 6402
-6768 -7329
-4446 -4958
2175 614
-10480 4062
10098 -2754
-990 -2060
1396 2855
9925 -836
3858 8237
3092 5704
-2013 10095
862 8541
-3803 7499
-7116 4797
9029 6790
8441 -8659
3146 4838
5732 2722
7291 5559
-4353 10270
-6877 1367
1161 4208
-9818 7882
-5622 7543
6704 -806
-1191 2194
3825 -8823
8466 -7671
-8769 -2508
10285 -6383
2267 -7737
-5396 -6663
-1357 -2163
-1126 7345
-3879 1287
-3543 3441
2608 -7588
640 -6145
6865 3084
-1755 -6701
2071 5590
-5559 10135
6165 -5007
-2762 -6244
-9040 -4997
2282 -9821
6082 5770
-9827 7071
-4104 7351
9044 5724
8612 -8855
9362 -712
-6859 7175
-867 9708
-3303 9997
6500 -3158
3622 -1598
7268 -6311
8362 -2358
-4950 1284
2375 4452
3811 9606
-6665 2315
-2566 -1850
-8779 -7603
-3214 -10065
9008 -7397
1200 7297
-5582 -2274
2434 7587
-750 5469
6113 4307
1406 4221
1004 6659
3359 972
919 3431
-2919 -1211
8121 -4922
-6592 -715
830 -7656
8087 965
-9285 -4499
6205 -7971
5907 4798
-5578 4181
-2318 -4389
7205 1037
-3235 7763
-9085 -6931
-5073 -729
6020 2866
-4636 5246
8431 9225
10378 -10266
9287 -7931
2681 1994
3882 1871
-984 6767
-3259 -5248
2874 5663
-5566 -2270
-6646 2802
4285 -6316
-4121 6454
-3941 5120
9698 7227
-2057 -5367
1989 -2904
-10287 -1598
-9369 9285
-4558 -9001
-5337 5982
4406 -1136
-3959 8231
-8536 -10285
3413 7026
5114 607
4090 7434
-7220 -5610
-6947 -9692
2405 2261
-7647 10169
-799 7723
6946 -7893
-9015 5050
-7491 -9243
-5830 3655
2398 9894
1515 5960
-4706 6633
-5094 4984
-2452 -1337
10174 -1335
3547 -974
-3164 -5768
-5202 -3174
4526 -6513
-1913 5489
-7957 -10030
2627 -1925
-5991 -9918
-9065 6556
5678 9700
2774 2082
3447 1624
6106 -568
-4068 -10403
8536 -2963
-10314 -10215
6455 -2493
4580 -8325
7060 -6210
-3966 -1348
-5262 2741
5627 -1537
5769 9257
-8976 2921
956 -8488
7526 -6865
-2835 5584
-6524 -8094
-4654 -3313
-5746 -1214
-3824 4352
-1487 -2157
-3408 -2983
-5852 -5665
-6011 -4498
-8007 -9391
-7920 7860
-9521 -2338
9491 6064
-9345 1627
7483 -8688
8415 10188
-7028 8754
1753 -652
5998 -3461
1265 2935
-2396 -2641
3260 -5691
6917 1516
4981 -3788
7463 -10118
-3080 9648
-8191 -10398
-1736 6147
-10530 -9370
10394 -8293
-1047 -4419
-7303 9399
-6186 1863
-990 -6498
3866 5989
-912 3008
9180 -10276
1586 -8496
-2039 3549
3582 -7846
-7670 -5996
-6466 1977
761 3524
-7983 -1364
9236 5352
7963 10485
-7662 9330
-4000 -5073
4755 6031
9707 -6446
-3907 7792
8591 -9720
7185 8859
8799 3565
8517 -8153
-9655 -6608
4810 -4214
4595 -5385
6704 -9556
7590 -8931
-2347 -1032
-5349 -2157
5266 683
9161 -8635
3569 -1530
9761 -2162
-2616 -1079
1822 7743
-6874 3606
8085 -5808
-4175 -3552
-4816 2457
2370 -7699
-4749 2497
-707 8896
9038 -4482
5750 2588
-3927 9181
9874 -2128
-8131 -6195
-9843 6713
6623 -7229
-2873 -2744
-1741 5365
-6791 1651
1779 6523
-1525 -8819
7066 1393
5758 8532
591 2319
-3842 3863
-1653 -1728
3413 -4275
1457 -5507
-6654 -6464
-1565 9179
4410 -4619
2149 -3311
3942 -7765
-4173 -10027
9096 -2676
-3065 -7853
-5623 2176
5252 5801
1230 2407
-4938 -1941
798 10394
3917 -6302
-5689 7806
2084 1473
4391 -1803
9271 8162
1716 3600
4580 -3993
3168 4733
-4717 -7248
-5102 -3816
1512 -8326
-8982 -9929
-2910 9984
-4195 -5870
8684 -3138
2645 5272
-2389 1914
4848 -4667
798 -3798
8252 5410
7441 -10105
2595 1161
-5771 938
-5350 6929
9197 -1700
9736 7519
-8607 -2855
6657 3069
6120 -790
3676 10152
1879 -8535
1305 1665
-8318 1430
8477 -3804
-4513 -5586
-4253 6468
8651 5582
-4262 3956
1194 4962
-7832 2943
-3214 7208
-1542 -8154
-8382 -7199
-8392 -669
-8419 6987
-2313 9029
8186 4370
7850 -4661
-1030 8561
3309 2240
-8220 790
-7562 -9473
-790 1555
7550 9491
-5473 3265
9878 -10521
-2591 2906
-5449 -936
6789 -6270
7547 -8183
-5885 3727
3595 -966
7654 3269
-9734 4660
-3471 -1707
-5233 -616
6064 9744
-6964 8073
-1969 -5831
6905 6118
1312 -1128
1601 -1022
-8464 7084
-9999 4697
8933 1364
-5563 4685
9289 9779
-8465 8042
-3945 1472
5263 1215
-3272 -1813
8218 -4258
-3035 1938
7626 2301
10076 -2603
-3161 -4107
568 -8517
7800 2191
5585 9949
-2890 10189
-5228 1858
8567 -8399
3012 -4758
-10410 10417
7109 1601
-1892 3029
7842 1742
2615 3808
-8815 -4939
8332 -3035
-10456 -7981
-765 -4580
1480 714
3051 5386
3395 7022
7129 6244
-780 9047
7999 -1163
-9519 -7432
-2073 2939
-809 2666
5157 -4118
4811 -742
-696 9057
2860 -5468
-1482 7541
995 3391
-3317 -576
5904 -4919
9386 8353
6644 2974
3181 -847
6005 -7843
9988 5667
-3195 -2954
-5243 -8537
2326 -7290
5283 3187
9893 -6141
-2814 -3414
4848 -9396
5861 -5003
9807 9408
5266 7679
-2081 1946
-9686 -2451
2006 6092
-9588 -2829
-6005 -1238
8740 3750
2039 10091
2562 9290
858 8945
-7804 -7019
-2415 9956
-2936 6669
2541 5139
6635 7147
4779 -2993
7443 8929
-9098 -3461
10446 -8193
4233 1051
1280 2942
3966 9681
-7617 3636
-7668 8459
-10285 -8126
-919 -5791
-2946 1550
5322 2281
-4182 9464
1778 1337
-2590 3159
1256 1952
-4296 -2679
2427 3047
-1778 -4169
-9995 -8904
4032 -10019
-9455 -8931
-8059 4397
8080 -6826
1052 -7125
-8940 1301
6245 6332
6244 6831
3288 -4358
-8623 -9174
-6126 7534
9893 6015
9425 1968
-6692 -5136
5714 -8125
6814 -4325
5541 -9275
