1000 505
591 9017
6884 7050
9719 6274
2028 9908
7512 5014
6255 8695
3831 7377
10511 1041
3545 2492
5377 5986
2941 5154
4452 703
842 2932
7971 9266
10268 10445
5997 2276
5321 2088
2419 10462
6217 6849
7585 10444
9253 4361
1872 883
8223 5214
5691 8261
8803 7418
6097 8194
3212 3307
587 3409
9273 10291
8079 1328
2866 3585
2740 2392
838 656
9590 9492
9814 3198
7996 4355
6440 7279
4920 5900
5556 1651
4943 4098
10179 3173
4634 10504
9306 2390
5516 7926
4481 6858
7494 2989
5176 1873
6087 2088
6668 2632
3479 7091
5383 1665
5189 10208
3254 10480
4527 2856
2223 2936
5571 9295
7474 9622
6820 6379
7327 6123
5647 7062
4536 3840
9711 9186
2905 5317
4205 6124
4581 2602
7900 1700
7491 2274
4516 3980
1657 741
8557 1887
6007 2837
8303 933
5495 9459
2759 10308
4771 9138
6972 5496
8056 3580
6963 9718
1450 3141
9312 2205
7960 6909
8174 1087
2098 7033
8145 4591
4152 4900
841 1386
9924 1570
5146 4571
7898 3749
10218 5034
8831 5284
603 2549
6968 8488
7450 4338
8677 1017
4278 5443
5198 3033
8357 2971
4860 7167
3363 10064
4859 8166
9485 8001
1150 5799
7069 2106
3348 853
6774 1558
6394 3159
5539 3252
3745 1035
3643 4893
1073 2137
9864 10053
7998 5750
4008 7168
1130 10346
5348 5831
10139 1348
8559 7707
1022 4172
9088 2842
6588 4729
8740 10207
8508 6741
10365 3438
9706 2061
6752 3184
4822 605
878 3196
6912 5436
9425 8983
10419 692
4394 1966
2431 2548
872 9201
571 6249
4107 9026
8442 4939
5625 1262
3150 3060
1553 7419
8411 5238
3951 10339
5805 6973
5552 1135
4732 835
7638 1976
9167 4307
10382 1482
4719 2704
6271 7739
10526 1879
2918 9242
1975 1105
3984 7099
7991 10062
695 8610
2268 4303
6689 2973
6829 6546
7237 3079
3099 7987
10416 3499
743 3745
3847 966
8836 6655
5038 6832
3005 6284
8664 2251
1866 1221
6336 2813
4863 4905
1735 603
1462 1358
2382 1495
4863 8306
8871 10108
4196 8532
1031 4694
3746 772
7679 2711
6085 1000
1723 1016
2594 2209
6842 6989
7803 574
6704 10060
5295 1199
3736 8863
5024 8572
2718 4568
9337 10455
8508 7941
752 4175
7027 4964
9864 6374
9884 6424
4922 709
2383 8620
8037 8847
8068 8727
8323 2820
2313 3218
7742 4535
3652 9030
9763 8177
5352 4649
1077 3175
2093 2474
1573 10522
3611 4731
1553 7982
8055 8143
3275 3581
9042 692
7772 1836
3614 8450
9737 8910
2963 1524
4820 9720
785 1383
10261 6310
9446 5217
7835 3100
690 4244
3245 2174
8569 2675
7126 2244
3208 6852
7921 3016
5228 3143
4401 6034
1568 9014
1669 3702
3350 8637
1610 2476
9560 5307
2720 865
10126 777
2593 3308
7714 5659
8432 7636
10115 4037
10127 5024
3175 6177
6179 2478
5973 9070
7452 5512
673 5146
4287 3811
745 3075
1814 8810
6752 8666
5580 876
9561 1321
6961 6097
1703 2070
10340 5474
738 2313
5490 1401
9212 4379
1450 8263
9508 8128
8915 3557
2027 1750
6608 6989
2853 3310
9907 2874
7027 5658
1663 5437
10351 3400
5010 2978
3543 7934
9955 7090
1661 9254
3385 2906
6622 9900
9373 5035
1106 3766
2176 9907
9076 3907
9887 3821
4419 9911
3446 3572
10167 662
3267 9246
2135 4591
4973 4679
4779 5115
7109 9482
2846 10405
2603 7512
4134 10284
7204 7522
2007 4919
3082 3513
3157 3033
1461 2185
617 3398
5225 3488
2773 2692
4304 7061
3291 725
2009 8375
3771 8420
2176 2484
5755 2333
4400 7948
2829 3251
2743 3284
2187 7084
6106 2543
726 6255
7512 1098
6431 850
4963 7191
10405 5405
3692 2012
8161 1427
974 3228
2302 8993
8846 3223
590 9863
1425 622
3368 1160
1567 5482
8662 1245
3719 4381
590 7038
9235 9640
10047 3139
6540 5695
9903 9864
9201 7290
2594 1808
885 9309
1742 8155
5814 2731
9053 4379
4325 1158
9842 6547
8099 10106
6111 2177
7017 10091
6679 1790
8363 9724
1151 6627
765 9233
8763 4542
6374 6151
3942 6309
3220 6978
8577 4634
625 9336
6048 5520
6837 4397
3154 1053
1771 3213
6256 2913
9560 2721
8039 8790
2714 6092
8169 1463
8141 7254
2368 9782
1300 5755
5525 2089
853 1972
1648 1797
4134 4198
3521 8414
3463 1625
2095 9262
8096 9228
2319 5812
9069 4535
8839 6494
3415 9090
3795 6058
8868 8420
10151 8873
1682 5022
7702 5637
9120 10313
10451 7653
4973 4077
2150 7519
4565 6115
578 2093
5897 2638
3493 3187
2959 7013
5599 5231
2138 1892
1158 2610
1771 2308
10504 1438
4696 1240
8499 3393
1980 6170
1298 7617
5086 1333
8585 2776
5735 7588
10403 6179
1774 6298
10473 3909
2807 5316
5494 5505
3868 3276
5961 1575
905 1551
3099 10046
9134 10065
8514 3892
8625 8463
6692 1746
2498 5622
976 5156
6723 4979
2954 7255
1176 10362
9925 643
7115 6586
5286 9691
1364 6544
8806 7202
4486 1388
1032 1905
1565 1681
8780 8391
5175 2561
3187 4736
10240 2200
6212 2184
1443 903
1966 4002
4558 7812
2783 6004
6853 7184
6853 4806
698 1674
2867 4763
7659 4578
9750 1630
1868 7408
4600 4705
1911 5814
2453 4226
10193 7459
5452 4111
9039 5498
1832 4203
1224 2770
5952 7473
4381 9919
4428 809
9558 3169
4521 553
2495 10331
7054 2942
3235 5863
7248 6139
3272 6488
9587 6960
2011 6784
3058 10511
4509 7043
2065 5819
5487 9419
608 5250
4521 6814
5667 6765
5105 8365
8880 3589
762 9838
8632 2504
6635 1260
5034 5324
8930 10365
6501 7091
8665 2229
7660 6448
3623 1338
4527 8682
10506 9239
6663 558
3491 6340
2273 1913
578 5734
5328 7750
5621 2435
2524 1621
1883 3417
6703 4845
2718 1375
10226 6179
9200 3148
3859 5243
5236 630
666 2799
7217 2078
7229 8414
9971 8955
9376 7366
8066 8276
9216 9637
8231 10514
1890 6236
6571 2212
5271 6614
9859 965
8452 10423
7674 4491
3295 2312
8973 8081
5356 2818
9868 6152
2457 4857
4031 1562
1686 7180
4664 7359
4634 4106
2840 1843
10546 9702
1604 5895
5258 798
8041 4262
5681 664
6989 8508
5272 10254
7545 1602
5819 8029
8788 6973
8468 1416
8209 3048
9036 1746
8012 7183
2708 2572
1696 8942
3587 4475
1197 10008
7152 1357
4648 8380
9842 5150
7828 1349
8902 998
4432 1090
8865 5125
9312 10117
2886 8947
1968 10447
6378 4401
7366 4780
4999 7475
1208 779
5070 1490
10110 5697
5712 2205
1225 1342
2911 2304
6948 3696
9264 7496
1738 10119
9188 8213
5625 5065
2071 1025
6165 1078
3784 3120
1455 10014
10107 9512
4711 1074
3099 8019
880 2473
8900 4883
3475 1460
10287 6886
8887 1828
2943 8186
1264 8714
2141 10499
9685 3055
3887 554
6887 3173
9214 10520
6158 1118
9831 7635
9702 8923
9202 8744
10426 4376
8946 8122
6799 5190
9724 9369
1493 3161
2491 839
8969 6115
4355 8135
6766 2000
2165 3159
1614 9716
7443 6624
4059 850
10245 10123
6139 3711
1722 8518
7908 6581
6818 9976
9060 972
1324 9329
1460 4102
4732 5941
6045 6314
1424 1914
5452 8805
5010 1024
7522 7371
6672 6097
2127 10339
6155 745
8144 8500
6893 1304
3031 1562
2222 3989
3978 6462
10312 6517
4958 4965
2458 7773
2309 6984
5754 10036
4869 1508
6495 7356
8716 9250
1917 8242
2337 9082
1106 1524
3997 5571
8833 6772
9881 2926
9133 7498
3273 8532
2568 5326
9770 1661
2732 4406
10040 9475
4874 7036
10227 6519
2193 8084
6227 3218
1618 2541
2746 8333
7378 8277
9976 6421
1247 8162
9253 1577
1958 6095
10058 7735
788 4787
6993 1863
3051 9400
5678 2661
4200 8699
1742 2004
6419 1231
8015 817
8263 10343
9184 6022
1522 3380
5451 8992
5727 4427
6320 1252
4914 1931
7140 9373
2787 8573
2729 7145
719 2877
2592 1860
8732 1608
8476 10037
2220 3078
6201 2808
7763 10410
6333 1836
3292 9160
5022 7678
8984 6391
1268 4053
5417 5415
1488 2431
9807 3300
9164 9148
9008 3211
6613 3306
1357 828
10039 9985
6915 2625
8136 1936
8383 8910
3880 6598
9478 10042
2983 4390
7316 2285
10360 2149
2387 2442
2532 7878
9902 1919
1794 2344
7158 9802
2197 7982
10085 7758
3814 4047
3793 8199
2565 7391
739 6650
10362 1198
10073 10401
5024 9183
10441 7750
10404 10540
6247 5469
8330 3128
3481 3094
3890 4037
1449 3075
9033 6088
8042 6743
8802 5561
2110 6384
2390 2047
3335 9079
2090 9355
9341 3942
3760 4099
2128 7529
1521 9827
623 743
2170 2047
4376 1826
10340 7132
4128 1709
968 7039
709 3999
3474 9622
930 7558
8517 758
7027 9053
5920 3157
4746 2624
4272 3161
9569 9311
1606 3440
1713 7233
4266 10482
6002 3291
5504 7363
3412 946
6010 1165
1454 3149
686 5230
9748 7582
4937 3134
7790 4067
7556 9220
791 9432
5799 4073
2308 2655
10171 7645
7846 10466
6228 728
4129 5608
8127 3300
4557 4279
4631 3545
3228 5226
8303 1449
2334 6115
3643 4158
6722 1793
10479 8064
718 5605
1741 6523
9472 7298
6201 1536
2694 6996
2127 7067
5179 10466
6424 6341
6019 3462
8696 1243
9641 10365
7499 7407
1190 6602
786 9101
10037 1776
8712 7505
3733 8944
730 6647
3615 7615
3063 9811
3128 1628
7428 4690
5161 2497
2995 720
10525 4039
5300 6699
3883 4415
2764 7832
7557 7982
9446 6917
9072 5432
2360 8191
7781 2737
7255 7029
6871 7088
1901 9997
4758 10196
2826 6309
739 972
8216 9036
4005 2578
10164 5410
9803 2327
1898 3053
1411 2981
9632 3005
4747 2656
9302 6371
7846 6831
6571 5005
6497 7674
8868 9685
1926 2324
10409 5548
2624 9803
7472 1185
2193 9438
8703 3782
5297 9230
10476 6228
7000 5351
5511 4749
1405 6913
6266 1123
2111 3795
7023 8824
2100 4903
1731 4837
3249 8660
9193 8015
7722 3079
10531 2662
4026 4931
8797 7440
7221 9355
2922 582
4539 9870
3715 5981
10208 1843
7756 7128
7498 2756
7721 8716
3946 7247
1570 4244
6079 5338
659 8534
2519 9528
2167 4565
7176 4234
9718 8456
6478 2647
8668 4940
5749 2335
5036 9749
2970 1260
8821 6363
7965 6635
868 4130
1881 7817
8937 3994
3736 5057
4910 8377
8624 6981
7702 821
818 5243
10435 887
1861 8154
3227 956
8318 9572
9963 5550
1092 8087
588 1938
7905 3839
2197 3731
3643 7134
1537 1311
1043 8767
10051 8032
9997 6215
1303 2654
5634 9645
4075 771
4514 2331
5422 8656
4206 3893
3143 7630
6630 5418
1961 4263
1518 3801
7766 2629
9318 7590
2081 3483
4329 1213
2809 7203
8486 2645
4915 2424
8270 7385
6230 9526
9005 6275
4621 5358
4109 9706
6152 8382
8455 990
7925 2112
3435 2512
1630 2386
1347 1752
1058 630
5890 2626
9608 2043
8290 9096
1024 5323
9647 9430
3885 1622
3950 1257
3505 1216
4691 4138
3031 7718
8865 9946
6775 1559
2562 8686
2005 9312
5593 1292
571 8472
5062 9798
6568 7918
4267 10264
8200 3840
3885 3309
3719 2445
5853 3190
2529 4749
9655 5341
9211 9231
4202 9303
4583 2579
6537 7592
6803 633
1970 6364
3268 2794
1613 7779
1202 9414
5319 1020
5555 1597
2144 2037
4876 3826
1873 7090
8229 4540
3138 5260
9821 8495
9771 9020
733 4139
4505 5528
5329 5556
3812 685
4037 7746
9583 2638
3485 10329
6543 5340
5512 9515
1551 9655
2357 5117
3219 3684
3221 2007
3548 4095
4147 4768
9388 5394
7922 9113
1578 9814
9351 5273
4040 8154
2151 4777
1747 4242
10321 913
9851 2913
8271 4115
7971 3995
9160 1045
7291 5572
2362 9701
3565 8605
3943 9288
5829 10432
