150
800000
9284363 992074 5483194 6912539
204 68884 1353 65381
123278
6184716 1 10 1233176
59659 1 5 69293
135621
7571459 4137419 2832095 3250333
33647 16560 68223 46578
182322
5031650 8126031 7696783 6269051
87209 80191 66923 93012
302752
91982 8008864 5013407 3750623
57507 38107 43433 55356
166963
6777301 5587025 4787909 4810483
85156 38666 83607 3322
5
1 1 0 100
1 0 0 100
486662
3825826 3270761 4143198 7129261
16490 82961 99312 51790
115659
5923375 7838020 1724339 4822703
33218 38315 71199 77833
515963
9084148 6864374 7665347 6658793
90579 79472 37736 72978
425699
661521 368897 2379975 6069067
64529 44238 82852 73772
260641
7996589 1980053 4750422 4038953
27385 37478 23029 68554
32468
1212265 3540617 6252738 69499
38979 53009 99324 59141
286701
8668530 1430048 4419280 6657109
36212 69484 51242 6017
236161
5880134 6416878 4372490 3933233
55116 76566 36378 81930
194495
3927727 1281691 1873076 3264851
76943 56877 98484 62552
224230
868223 5015144 8006892 2440153
84534 39226 25142 40985
166064
2880009 8749788 9041855 9849127
24293 52992 96169 91331
376239
5119320 4825672 9774660 6825901
1600 24334 93269 64903
583762
2239480 7735643 8943983 6080311
28658 89360 12540 24320
141758
6562056 8151980 1573018 7624009
25341 282 71838 49474
756756
3503873 8785111 2101072 8370787
9316 64372 56186 23609
283713
3168942 5799402 627768 5593873
46767 62810 10332 24329
799314
496884 5173679 4334722 5846233
89 1 0 43136
669918
3255587 1 13 8709522
71775 1 4 24568
544300
1938233 5065572 2344073 6767687
75532 29891 72264 74660
42028
2863742 1027308 7177075 6832697
43653 58041 67418 13075
799135
6436339 6922120 7913867 3346951
58 1 0 83178
200724
4865906 4244571 6534244 7891591
30784 94847 72038 99358
800000
1836621 1140525 201072 6553111
81410 26408 62566 76085
799918
8026988 8815361 8434028 7598893
64 1 0 39039
562563
4654443 8748161 9191633 3725731
88282 36795 35060 68040
111573
2354835 613754 8354666 456611
48305 5089 15756 81495
776203
2976622 4456117 6143950 6643499
78062 26165 25565 44856
362299
1928754 1187061 3499879 6664447
48850 10204 83232 83471
556039
9174374 8067043 7675312 6829729
98587 35926 6332 28158
355851
9373744 4609384 6078280 9812183
14819 41649 18505 14986
544142
8066734 5833271 2429882 7326203
4838 34764 54516 150
425482
1159449 7682974 3316987 8272333
67354 39660 40348 48488
778731
3706164 1800916 5978520 7871207
27118 11705 6908 85465
331802
5476430 1090505 3383912 7015787
20582 95030 160 99176
329934
9982771 2795359 8655738 7422683
64588 73545 46117 49844
620791
5317505 8818627 1840571 2152399
47941 48256 23185 63735
421832
6634028 1 11 4640403
23600 1 3 28559
800000
7880818 5932472 2427109 3877781
1171 40625 63531 758
96998
1661979 3915679 5075979 2906549
99284 1857 27886 82511
290888
9661242 4255961 4603570 1195679
50643 24046 62980 32671
582345
222329 7577575 7114137 6001447
9330 84145 61996 29519
753208
5056419 2460242 2536661 3503869
80172 20090 37841 2145
233053
2949978 9538109 1007531 9529259
66507 48523 81355 37185
796619
4291837 5958271 8068009 9137111
83686 89010 83207 54412
196010
8774318 613918 7674553 8352901
61482 12361 75623 6767
558407
3792066 7738147 122957 9031807
5179 1111 59406 67209
629293
5063110 493004 7305389 9835733
52012 6641 87766 8734
799518
4036690 9290972 629041 9409319
67 1 0 35880
443185
7272779 2378182 7154678 9150907
78148 55142 91013 74569
13
3 3 0 100
7 7 0 100
18827
9521417 1 10 189194
79035 1 3 96645
146936
9585491 3114728 5058957 5240117
93365 91446 53995 58733
376837
580805 1 12 4522477
94374 1 1 34989
316132
8095595 6591949 23847 1815103
14787 90898 10820 20131
799246
7130761 6216496 2575834 7255711
71 1 0 10078
136530
4223382 9428945 5027777 8747933
5859 41836 79372 21160
331683
2515554 6318205 3774537 1636637
39029 74109 742 42132
454314
5028549 799985 574645 5791901
17345 73846 99156 86223
332033
849700 6210907 5139030 1266079
32446 70670 50014 68508
10
1 1 1 100
1 0 0 100
137858
3816908 1818292 4649478 4414153
91205 21212 25648 61802
490500
6505831 7242242 5238425 7618073
58271 66311 45371 54712
307427
4318005 4186207 9134514 1603183
7451 55191 88630 52175
556446
7764167 2743531 4637161 2443667
66590 36944 30885 693
6541
6916556 5745855 8621202 9219739
45608 88856 9000 74094
702947
2029889 508237 668553 7583119
41548 23815 95596 11122
216342
9344949 5804464 9213475 6496169
64743 3542 9474 40156
443552
1064400 7698489 2742884 5710979
25708 91773 26321 18586
799911
4647118 8230784 414342 4826291
11 1 0 70867
800000
1977106 1101999 5354543 3654641
54538 61076 78852 41696
460160
1035446 1592362 4729973 8105711
10757 65826 15937 75493
35386
4581157 8310910 2652938 4943723
10340 73634 60308 4200
427129
6893674 2917790 814566 7920193
25818 95514 60014 81842
800000
2632603 4852776 6472267 4907647
76494 20607 90885 59066
5205
3748359 1731255 2832413 9579277
4825 18526 20850 60900
485756
6378809 3458574 2717929 4008227
14519 34116 60221 22479
173932
592924 1 13 2261200
69110 1 4 19660
111272
3950833 2097098 1728066 7251823
32729 79714 67463 77795
701470
1231899 3180633 1557767 7692767
65285 33523 91043 33180
571930
8426282 1 12 6863836
90619 1 2 22779
537584
4463039 8809641 649221 6023939
24112 97877 45363 94587
559354
8263457 3391508 5619627 9540347
48100 71432 65692 42094
387522
8154988 9707586 4469347 8902871
45335 87496 21352 7468
700932
4853621 2954333 3793331 2722033
35803 48377 76986 12230
797449
2192088 2169013 1434914 5997223
87653 82448 28877 28447
800000
4332581 1738230 8853842 7979057
66171 9761 63488 15137
792343
2462478 3624324 6466030 5071873
36979 86256 23376 62378
724211
4699617 1 10 7242187
41625 1 3 16697
547593
9799156 7817383 5484531 3474257
83236 27640 8750 81069
787257
6852137 900923 1386404 4010603
64763 10578 95677 20521
464870
4346585 4292463 1733278 4391591
39424 91042 3128 79862
485654
2369747 1851466 1404737 3987323
89794 36569 94719 37136
735417
1800155 8692663 8813911 6106207
41759 91859 16880 79710
85311
5188284 3939570 1228251 6839939
25994 48757 11125 4026
331451
3795470 6531800 1699694 8922097
37054 87881 35738 54478
399220
433730 8336641 4190405 5784599
60603 25523 30224 73062
454203
3501522 6877404 5610012 4948883
50507 58204 73723 47781
149538
691914 3485163 9500683 5065603
86794 65005 72895 44384
677825
2564652 5399782 7262727 5812073
48018 54356 40520 14630
5
1 1 0 100
1 1 0 100
661193
1584072 4631055 388480 5324171
44038 14977 64924 60064
768796
3268217 3435571 6741191 4012381
90911 17965 69552 37076
684817
6694502 4033510 9261196 2147611
14712 53164 21454 75869
733600
4547622 1760688 6146133 6284821
44662 76018 28581 45903
281425
6483187 8810595 4560495 1753901
44270 27410 73026 72548
799523
6188922 6879499 259817 3927593
10 1 0 23851
799948
6006947 3147310 5573892 8225117
1 1 0 50601
471537
74105 1 14 6601584
19665 1 2 82759
800000
6663773 2128441 4859555 6731059
20543 89865 38934 40017
403054
6075371 909736 661980 4610917
58649 6595 39588 72103
325090
4473635 6650164 617383 7047277
96345 36293 74634 71454
763740
4321664 1435286 9450425 5494277
77738 82822 28133 23776
760716
3256351 1611484 8815979 9533179
74419 64323 84746 16381
26100
7687891 7345777 5053960 4487801
91784 47002 47523 78568
335238
3245321 3989698 5173662 9974369
64212 6824 61281 21369
56563
7686813 4146006 5416153 7503211
99664 31074 60226 8175
800000
1261916 2960160 892887 6372013
36813 12955 35356 63252
629869
4073544 9372971 8938912 1924903
3054 33384 13144 56002
4688
9344281 692609 2223838 1453043
56083 79533 90863 43417
687327
5945446 1228581 2619650 7171259
47097 12546 53877 97438
46139
6724530 9496413 8881427 892421
49792 9470 32051 39693
342962
2237344 7542786 1996774 6451187
56617 12386 38797 5946
405326
3687499 7345611 2607937 6739981
11764 54019 25273 96203
316296
1814769 7001006 1666606 6999799
24279 54373 80257 23128
800
1 13107 5 12917
1 12917 5 13107
191141
5345474 2155104 6137340 2642777
54478 73301 5128 71018
44162
4705364 3742884 3666652 2505343
35204 7279 95765 97687
799897
9897009 8263191 7365771 8027339
88 1 0 69989
732814
6181874 6876040 2702549 8962741
2650 42780 85021 47251
743193
4629066 3186695 5475779 3622511
90359 85420 89158 67869
396025
5344271 3955475 7015624 9597751
38461 39349 20419 27616
123330
2885125 4754653 5353431 5002157
59708 59359 65422 57387
251563
3984759 937479 1303914 9282839
27467 94801 57554 84759
691872
1761520 2251596 5226760 8601823
52127 57735 81527 44375
386293
5578388 1680540 2968626 3425507
7298 53688 65656 37094
20095
7889401 2178548 5971737 3940021
2841 62563 80585 14240
2364
8174725 3509747 2855021 1065901
24608 21670 56859 25441
675842
1390196 6023568 9623088 6551393
94079 33053 11215 79086
800000
4184377 726967 7510534 3897703
48427 52570 85560 36214
799796
756517 7342784 1046569 7252879
56 1 0 48271
464409
5099568 3841791 735959 2948861
60641 90781 3122 77851
151584
5371394 1969282 8800795 8580487
3703 55599 94769 61451
534487
6748560 6536109 9705083 8502881
82242 41379 60913 72893
