1000 1000
567 972
692 109
296 777
215 797
438 853
586 570
465 117
950 192
812 677
851 293
861 152
260 876
352 258
978 129
128 164
964 483
977 406
132 509
883 231
444 492
949 930
363 764
392 925
464 172
710 665
218 770
105 720
40 386
276 690
793 240
226 503
756 771
99 510
450 851
524 638
83 741
482 439
494 90
202 368
556 612
426 77
753 927
61 487
703 956
590 346
180 885
770 245
310 590
68 379
783 158
954 206
913 95
343 43
355 611
920 987
700 265
881 847
944 109
258 619
38 400
975 545
461 44
80 393
85 833
737 575
702 843
119 415
907 97
741 936
66 368
754 4
677 90
696 714
231 373
802 893
560 331
715 152
930 265
153 979
523 59
460 285
125 955
600 221
811 969
359 271
367 435
294 24
243 5
576 904
942 909
107 515
993 699
645 542
573 11
813 515
333 895
20 209
528 990
300 781
684 742
706 989
691 685
121 376
373 904
49 653
468 328
900 52
530 661
926 690
82 460
486 700
491 193
582 230
111 158
561 784
932 343
938 407
237 601
667 855
50 809
240 454
766 648
758 646
123 591
740 511
112 432
948 247
714 690
791 570
966 661
433 311
173 754
726 120
562 503
298 614
675 79
904 741
440 742
955 646
41 350
531 86
979 763
58 449
57 36
711 336
56 553
245 172
194 376
261 77
374 948
818 766
875 206
42 74
87 545
74 137
378 568
309 56
958 403
650 842
201 229
3 956
53 36
917 708
988 781
386 638
106 158
808 665
400 250
78 429
108 151
148 769
805 777
749 279
688 765
835 325
609 198
748 31
721 919
591 33
307 716
342 628
317 494
765 742
157 558
849 109
171 827
158 693
671 407
553 626
336 764
19 464
319 677
986 678
712 161
96 559
209 6
7 304
569 199
63 91
441 510
987 880
286 131
390 629
283 114
232 930
965 169
152 885
773 570
581 490
350 646
225 804
761 882
29 763
126 844
451 258
690 376
205 730
285 979
840 344
866 206
115 10
368 426
525 246
51 138
235 672
379 354
635 224
279 826
724 35
16 987
662 148
839 436
634 440
511 221
55 356
44 936
326 284
431 159
0 573
746 101
282 739
234 17
203 883
331 306
906 758
664 463
837 872
999 599
801 295
931 314
190 893
809 992
292 558
103 81
122 463
113 48
34 9
908 979
466 111
952 359
800 352
448 335
790 132
295 822
411 762
242 71
401 936
504 665
257 258
516 828
109 690
836 169
610 77
890 764
476 171
402 880
419 370
673 8
346 741
595 152
62 117
474 793
217 266
750 530
633 900
603 83
244 981
776 425
943 782
751 359
911 701
886 236
462 221
542 885
73 324
755 904
383 752
927 968
454 77
718 172
357 543
517 489
47 535
278 731
638 402
589 776
744 757
785 812
146 142
477 595
980 795
730 685
410 563
655 802
760 81
255 727
387 265
161 785
810 826
263 962
536 84
545 601
45 601
43 77
827 745
588 772
15 963
471 572
167 893
584 580
816 134
116 646
990 17
322 151
473 354
198 617
620 118
281 557
93 290
687 4
46 863
725 788
136 4
571 62
31 721
698 407
543 486
572 818
752 43
164 402
396 530
398 819
548 277
314 399
767 543
842 759
172 426
819 926
268 414
71 509
381 630
549 181
895 893
782 11
183 698
6 32
991 123
631 636
156 2
786 893
854 397
250 648
554 663
169 772
308 142
303 530
344 271
211 494
208 388
739 751
222 347
627 452
408 265
882 678
546 223
894 621
385 572
647 968
137 365
284 111
577 306
876 129
764 276
505 161
666 665
443 377
349 106
377 947
592 334
859 641
490 278
191 487
22 808
166 46
159 81
395 44
459 764
897 337
597 910
928 278
248 690
934 877
951 969
181 111
79 11
138 459
860 278
290 608
555 205
249 322
909 50
622 795
798 743
795 250
375 168
409 681
141 472
694 904
605 739
207 494
898 626
652 519
335 664
733 260
763 752
565 432
230 91
824 468
856 766
617 620
430 432
628 835
521 82
442 562
594 463
475 346
72 943
389 835
580 44
311 335
701 211
345 243
274 652
916 938
467 425
270 920
239 310
423 661
196 347
870 25
133 912
514 940
341 21
877 519
940 955
640 833
669 814
422 101
925 822
437 588
452 161
728 594
564 981
879 872
845 677
599 634
680 339
863 884
195 752
738 188
52 178
844 94
941 121
541 893
520 173
893 454
772 677
643 107
160 883
639 463
304 357
499 589
654 606
867 58
361 211
574 919
425 395
197 458
598 302
233 895
27 424
914 883
704 722
668 52
699 850
91 388
768 664
814 500
484 671
981 388
405 426
420 539
458 77
510 106
353 32
139 642
289 264
781 215
8 588
789 8
626 617
216 772
470 310
177 674
224 416
847 469
316 535
967 5
447 298
275 634
540 714
649 636
39 468
256 492
563 347
299 60
624 682
681 206
182 573
933 868
998 943
864 507
747 648
163 197
937 623
532 188
75 701
823 871
32 981
495 185
301 33
778 716
246 128
150 625
878 849
953 563
637 185
995 847
619 319
547 580
306 469
347 388
145 4
568 898
340 472
397 628
81 4
277 149
449 17
612 875
210 959
334 953
636 328
616 261
101 43
799 408
970 602
825 742
788 446
320 702
370 277
817 79
496 817
155 560
630 714
213 837
328 856
570 690
351 211
923 715
697 239
120 196
873 685
880 388
501 623
686 793
413 331
26 294
611 588
632 264
321 986
682 469
887 455
608 853
578 37
705 355
899 354
846 122
841 462
371 210
807 83
436 104
646 4
797 617
498 470
855 595
228 859
238 947
957 541
254 449
280 279
665 657
35 695
175 565
653 856
679 535
968 319
973 623
394 125
483 878
469 454
806 907
142 32
174 742
154 245
974 893
84 258
707 731
220 895
971 766
888 919
360 657
2 436
492 79
327 67
229 426
399 937
796 904
291 686
606 590
28 690
354 849
414 276
522 243
832 745
831 0
95 408
179 354
759 305
884 763
364 343
678 118
629 849
67 33
982 112
685 43
332 349
23 672
435 953
188 683
509 563
429 987
780 297
199 701
455 488
613 915
658 138
503 468
997 196
404 387
13 448
272 594
693 454
189 27
929 334
186 394
502 415
969 403
833 199
206 671
259 402
672 268
362 371
935 39
775 701
821 261
735 469
602 329
924 436
641 895
769 878
60 38
48 210
787 39
456 201
868 91
508 559
550 225
10 11
794 240
445 293
983 95
717 112
339 610
674 756
135 716
720 585
493 891
88 671
774 10
910 85
784 588
901 79
165 619
297 826
266 849
252 459
432 631
463 700
11 347
64 405
178 454
412 710
366 550
131 121
33 539
850 819
187 151
214 347
323 48
892 368
865 125
527 767
407 803
227 784
729 246
162 626
94 817
293 752
489 504
434 215
731 0
76 57
219 261
481 693
695 136
144 658
848 366
614 893
828 373
312 981
912 742
579 731
727 940
734 164
939 692
534 856
683 797
529 735
985 700
719 940
945 765
660 504
656 47
885 131
803 752
708 998
889 216
488 346
118 494
439 563
661 454
918 570
457 553
771 33
853 683
89 158
264 404
382 39
313 156
453 416
421 109
110 843
992 747
388 319
537 435
86 1
59 588
648 43
315 417
670 256
829 729
676 32
325 106
406 114
204 990
834 856
651 131
54 158
858 343
140 410
358 365
625 142
265 793
869 632
65 76
500 769
792 7
348 907
657 591
838 939
24 229
417 677
843 469
428 939
947 940
127 819
415 833
372 776
618 684
518 393
170 710
644 747
903 608
852 42
713 10
4 77
919 806
538 106
956 472
1 472
365 319
37 271
820 782
391 683
936 77
129 32
376 90
485 465
558 563
874 341
872 686
732 212
972 201
533 766
779 682
184 444
36 591
583 509
804 936
253 861
193 657
97 215
393 455
989 885
512 941
25 185
604 812
891 136
70 445
535 211
338 664
777 835
585 347
815 769
69 433
830 946
168 559
236 201
18 688
427 359
896 339
506 660
984 144
262 679
403 623
551 508
497 819
305 631
976 741
959 79
151 121
996 523
915 229
593 471
544 465
607 414
14 317
745 111
487 727
241 979
722 245
102 990
994 939
621 803
318 852
539 741
302 162
418 612
736 224
416 426
124 225
575 240
9 344
557 229
223 332
330 432
716 319
17 856
200 360
472 539
601 247
176 321
507 677
723 368
30 920
92 526
922 940
212 872
356 663
114 77
623 386
12 933
149 454
552 359
100 766
104 109
615 923
380 855
329 758
221 683
134 121
337 231
130 195
287 710
478 921
267 475
663 321
596 920
515 360
192 626
743 953
519 32
961 548
862 845
143 112
559 137
871 770
271 693
742 346
324 317
921 726
5 496
369 58
642 747
98 675
962 832
185 106
446 388
659 957
479 741
757 240
90 77
384 198
288 496
689 32
21 828
857 507
905 358
480 365
513 898
960 984
273 125
822 387
709 594
566 629
117 664
826 904
424 199
147 704
587 483
963 878
269 459
762 155
251 135
247 164
946 709
902 293
526 963
2 356 809
1 155 162
1 476 792
1 871 934
1 555 306
2 785 408
2 489 190
2 41 13
2 76 854
1 396 862
1 844 106
2 647 561
2 719 287
2 469 280
1 723 663
1 556 287
1 230 684
1 477 363
1 743 235
2 408 544
2 843 212
1 112 308
2 583 410
1 861 240
1 704 683
2 941 405
1 285 372
1 178 742
1 961 460
2 252 175
2 266 644
2 979 140
2 369 698
1 889 394
2 854 79
1 130 522
2 5 693
2 959 789
2 433 885
1 864 508
2 508 278
2 345 997
2 723 561
2 11 347
2 348 673
2 553 568
1 165 814
2 391 274
1 223 399
2 868 527
2 659 42
2 407 364
1 85 799
2 352 85
2 981 720
1 523 479
2 717 745
1 313 438
1 561 676
1 905 267
1 289 812
1 43 717
1 675 902
2 539 186
2 743 849
1 729 237
1 854 453
1 13 887
1 272 398
2 229 979
2 877 169
1 106 658
1 195 821
2 967 689
1 977 10
2 674 780
1 106 206
1 59 111
1 960 533
1 975 542
1 475 418
2 390 337
2 677 300
2 836 613
1 777 911
1 999 66
1 891 403
1 378 426
1 82 397
1 701 525
2 247 146
2 51 768
2 344 541
1 212 881
2 750 955
1 651 541
2 986 552
1 768 965
2 14 351
2 549 45
1 415 545
2 330 961
1 555 852
1 380 340
1 894 51
1 27 982
2 778 835
1 654 206
2 754 301
2 574 514
1 860 882
2 558 244
2 388 42
2 655 197
1 589 996
2 332 46
1 366 643
2 779 217
2 614 397
2 477 952
2 833 712
1 953 770
2 558 576
1 520 954
2 692 213
1 469 889
2 495 907
1 666 175
1 237 27
2 911 472
2 599 107
2 161 470
2 675 277
1 233 781
2 197 148
1 729 741
1 88 868
2 924 942
2 547 14
2 117 719
2 325 31
1 346 546
2 227 379
1 703 858
2 283 881
2 230 530
1 829 551
2 501 14
2 808 973
1 124 556
2 929 105
2 965 117
2 942 837
1 840 491
2 712 326
1 437 111
1 997 529
1 590 804
2 282 663
1 747 431
1 380 222
1 743 931
1 987 502
1 550 128
2 618 206
1 37 772
1 631 485
2 399 701
1 783 805
1 515 43
2 794 218
1 902 893
1 653 829
1 428 175
1 824 267
2 930 780
1 457 245
1 512 627
1 170 50
2 958 771
1 197 686
1 103 180
1 569 384
2 574 719
2 473 548
1 130 345
1 191 569
2 501 893
2 11 404
1 147 32
1 618 800
2 718 678
1 937 405
1 745 140
2 385 291
1 576 56
2 721 400
1 59 811
1 31 821
2 426 341
1 795 553
2 901 845
2 61 464
1 970 790
2 216 573
1 188 196
1 657 293
1 623 507
2 895 877
2 104 849
1 792 716
1 137 405
2 421 266
1 488 963
1 153 934
2 862 299
2 388 827
2 329 636
2 818 473
2 438 252
2 178 849
2 538 491
1 733 20
2 286 749
1 968 176
1 732 349
2 424 678
1 177 507
2 532 457
1 671 8
2 285 310
1 273 761
2 342 454
1 822 492
2 331 912
2 932 908
2 773 496
1 270 951
1 392 163
2 908 809
2 499 350
2 245 294
2 118 298
2 892 203
1 570 121
1 418 15
2 228 882
1 248 653
1 843 666
1 111 703
1 241 319
1 640 438
2 405 104
2 116 257
2 750 472
1 182 745
1 142 227
1 178 334
1 476 386
2 964 836
2 476 174
1 217 980
2 970 110
2 710 161
1 630 229
2 432 124
1 333 928
2 403 149
1 986 540
1 802 806
1 186 234
1 110 250
2 569 14
1 594 890
2 669 248
2 395 602
1 110 654
2 781 898
2 216 962
1 32 792
1 320 214
2 574 618
1 548 547
1 995 659
1 828 94
2 524 304
1 923 17
2 344 291
2 328 505
1 222 687
2 683 672
2 123 372
1 544 921
2 560 384
2 499 641
2 933 58
2 668 404
1 123 422
1 810 599
2 420 67
1 53 28
1 678 799
1 319 287
2 676 40
2 639 873
1 194 567
1 183 368
2 490 856
1 398 928
1 458 245
1 793 18
2 402 247
2 571 598
1 446 662
1 560 682
2 890 780
1 552 179
2 605 510
2 421 348
1 0 862
2 922 544
1 859 721
2 478 629
2 855 971
1 890 726
2 88 225
2 787 113
2 252 21
2 483 641
2 958 212
2 710 701
2 27 374
2 281 898
2 11 816
2 77 640
1 534 93
1 223 993
2 75 954
2 326 322
2 608 616
2 429 384
2 921 492
1 292 475
1 109 740
1 739 513
2 440 432
2 199 169
2 299 354
1 377 813
2 438 92
2 618 765
1 779 387
1 789 355
2 282 816
1 219 905
2 523 40
1 769 329
1 288 566
1 106 43
1 319 77
2 130 173
2 841 216
2 397 23
1 664 771
2 901 228
2 921 302
2 645 173
2 324 360
2 56 309
1 158 314
2 341 463
1 699 822
1 993 245
2 259 650
2 102 44
2 689 256
1 474 79
1 223 27
1 225 560
2 975 943
1 351 144
2 201 371
2 813 806
2 714 165
2 320 460
2 307 79
2 711 924
1 385 179
1 157 27
2 239 798
2 929 775
1 397 769
1 978 246
1 568 825
1 518 445
1 333 609
2 632 766
2 102 167
1 708 475
1 744 737
2 924 464
1 92 935
2 505 619
2 61 912
1 252 86
1 746 881
2 615 243
2 639 922
1 63 571
2 240 569
2 241 319
1 482 68
1 398 966
1 834 335
2 329 940
2 323 307
1 977 841
2 388 693
1 585 398
2 144 635
1 843 322
1 961 242
1 63 559
2 419 963
2 679 728
1 149 184
2 102 424
2 260 996
2 442 690
1 982 814
1 429 375
1 891 854
2 847 283
1 58 677
1 646 499
1 207 831
1 541 90
2 833 639
2 773 552
1 603 392
2 264 234
2 426 487
1 303 458
2 206 263
2 116 366
2 897 833
2 677 201
1 711 618
2 633 406
2 982 278
2 804 725
1 794 760
2 235 997
2 644 771
2 994 843
1 481 14
1 470 907
1 7 701
2 248 780
2 629 952
2 423 62
1 350 499
2 765 235
2 476 273
2 327 25
1 762 757
2 377 11
2 634 827
2 826 781
2 96 242
2 657 174
1 829 828
1 334 213
1 599 639
2 906 92
1 503 968
1 331 852
2 218 571
2 44 507
2 418 693
1 393 804
2 232 992
2 614 770
1 654 194
1 578 421
2 73 948
1 349 223
2 839 548
1 403 180
1 986 610
1 513 90
2 438 570
1 55 805
2 767 553
2 998 384
1 424 72
1 467 963
1 174 246
2 771 172
2 399 631
2 46 589
1 405 416
2 216 62
1 810 840
2 976 34
2 223 128
2 193 161
1 197 144
2 628 942
1 84 664
2 20 132
1 578 250
2 616 516
2 847 527
1 855 484
1 966 409
2 842 870
2 955 53
2 350 25
2 984 109
1 347 271
1 306 701
1 966 574
2 640 826
2 554 664
2 446 485
2 28 348
2 213 488
1 188 684
1 686 384
2 617 586
2 368 961
2 500 891
2 544 403
2 504 992
1 758 20
2 942 289
2 556 456
1 432 512
1 837 777
2 789 356
1 882 176
1 620 766
1 713 599
2 434 679
1 671 610
1 994 95
2 31 571
1 443 280
1 913 203
2 209 815
2 140 449
1 52 913
2 131 731
2 711 792
2 568 330
2 637 575
2 561 529
1 384 614
1 392 958
1 657 947
2 787 36
1 297 807
1 343 455
1 112 18
2 996 343
1 139 444
1 950 973
1 867 508
1 905 361
1 668 185
2 624 552
2 632 394
2 759 298
1 816 312
1 247 510
2 845 238
1 141 986
2 435 278
2 710 756
1 940 106
1 566 609
1 24 108
1 436 989
1 950 592
1 67 977
1 461 466
2 843 370
1 192 937
2 601 409
1 417 907
2 554 2
1 406 718
2 213 273
1 887 597
2 318 702
2 839 918
2 774 99
2 782 899
1 964 914
2 259 981
2 833 296
1 950 818
2 357 978
1 652 457
2 425 981
1 357 95
2 975 945
2 908 925
2 106 763
1 411 108
2 424 575
1 653 856
1 358 912
1 196 925
1 287 572
1 684 293
2 985 363
1 798 417
2 835 5
1 568 480
2 544 837
2 118 519
2 231 733
2 793 11
2 947 306
1 765 1
2 575 649
2 671 377
2 640 679
2 797 704
1 130 672
1 729 980
2 245 611
1 601 834
2 366 50
1 960 162
2 869 508
1 544 770
1 642 816
1 714 843
2 474 267
1 541 205
2 93 94
2 17 750
2 279 602
2 853 317
2 771 288
1 101 905
1 245 599
2 764 433
1 574 937
2 869 368
1 607 945
2 619 776
2 691 706
2 297 94
1 303 643
2 540 70
2 538 771
1 494 287
1 756 146
2 3 659
1 535 873
1 266 634
2 379 682
2 327 865
2 118 818
1 637 476
1 748 235
2 96 164
2 948 937
1 738 92
1 826 988
1 706 508
2 639 61
1 425 390
2 917 955
2 436 91
2 364 154
2 136 557
2 793 789
2 176 840
1 520 50
1 811 505
1 321 685
2 789 307
1 237 169
2 221 700
2 276 522
1 325 921
1 422 277
2 666 539
1 742 5
1 890 182
1 113 688
1 607 545
2 787 376
2 719 363
2 161 503
1 261 949
2 759 292
1 764 673
2 708 801
1 813 508
1 406 238
2 238 70
2 259 905
2 851 527
2 576 406
2 352 964
1 433 490
1 782 378
1 315 70
2 42 553
2 89 844
2 603 635
1 593 930
2 241 384
2 227 140
1 28 135
1 458 777
2 905 284
1 838 764
1 911 301
2 820 378
2 479 364
1 28 848
1 453 787
2 828 559
1 691 621
1 233 971
1 89 874
2 242 756
1 610 458
1 278 441
2 669 527
2 127 566
1 634 430
2 227 277
1 790 467
2 772 495
2 613 335
1 215 856
1 221 995
1 242 641
1 645 101
2 307 363
1 263 40
1 880 488
1 439 699
2 977 719
1 752 344
2 175 937
2 393 865
1 95 115
2 478 430
1 652 942
2 794 641
1 275 734
2 632 527
1 319 144
1 16 157
2 799 743
1 131 485
1 14 843
1 968 345
2 764 563
2 256 847
1 541 710
1 269 434
1 301 425
1 866 349
1 757 530
1 449 631
1 690 225
2 430 624
2 200 182
2 823 183
2 771 332
1 472 118
1 540 558
1 183 706
1 302 531
2 990 374
1 684 176
2 766 866
1 281 916
2 323 265
1 785 859
2 706 309
1 411 851
2 477 45
2 448 850
1 305 611
1 652 498
2 111 734
2 804 390
1 768 163
2 118 843
1 673 466
1 339 158
1 935 18
2 449 859
1 199 214
1 215 466
2 69 530
1 977 66
2 982 290
2 171 352
1 0 927
2 684 914
1 558 482
2 28 627
2 444 542
1 326 70
1 217 561
2 161 521
2 405 175
2 701 448
2 404 629
1 93 564
1 301 236
1 324 317
2 529 35
1 849 45
1 200 285
1 611 598
2 978 287
2 503 839
1 443 204
1 813 114
1 175 44
2 423 570
2 139 249
2 29 888
2 713 486
2 615 594
1 459 61
2 627 222
2 638 201
2 576 871
2 955 685
2 845 585
2 749 178
2 308 325
2 829 410
2 499 90
2 414 147
2 256 641
2 555 962
2 158 388
1 97 598
2 290 839
2 20 435
2 678 479
2 422 708
1 838 837
2 205 447
1 702 761
2 950 16
2 500 811
2 610 246
2 752 228
1 793 403
1 901 419
1 953 219
2 249 934
2 762 11
2 350 714
1 425 551
2 976 936
1 158 952
2 952 875
1 592 883
2 349 941
2 702 0
2 10 481
2 211 501
2 716 913
1 492 275
1 300 622
2 544 939
2 105 575
1 606 642
2 423 553
2 373 618
1 240 536
1 485 376
1 23 309
2 193 785
1 541 352
1 674 602
2 371 599
1 720 718
2 107 428
1 785 249
1 733 255
1 148 757
2 100 933
1 236 642
1 850 742
1 547 472
1 350 5
2 246 731
1 44 212
1 262 516
1 496 863
1 263 553
1 707 104
2 204 229
2 549 200
1 958 696
2 669 476
1 376 883
2 408 752
1 558 384
2 601 386
2 398 870
1 678 616
2 897 918
2 780 789
1 157 617
2 181 485
2 791 312
2 85 287
1 177 692
1 393 618
2 718 463
2 880 308
2 369 268
1 396 286
2 443 888
1 625 810
2 289 831
2 764 789
1 977 350
2 969 981
1 380 308
2 286 261
2 369 857
2 831 768
1 743 887
2 184 377
2 527 339
1 788 139
1 417 229
2 762 427
2 699 966
2 971 435
2 360 690
1 870 825
2 482 575
1 530 451
1 408 237
2 260 538
1 615 428
1 152 642
2 145 276
2 817 809
1 524 56
2 972 208
2 824 290
1 574 996
2 251 561
2 261 751
2 376 745
1 760 932
1 72 568
2 899 489
1 118 73
1 414 284
2 408 5
2 700 818
2 414 864
1 964 363
1 914 979
2 538 641
1 141 152
1 601 191
2 642 296
1 144 581
1 496 877
2 52 6
1 509 960
1 907 446
2 784 566
2 346 385
1 613 412
1 774 629
2 548 605
2 500 964
2 632 640
1 985 123
1 985 749
2 727 709
2 543 337
1 477 450
1 417 566
1 750 269