41 54 3076
91 331 262 719 646 751 36 409 750 476 860 399 568 728 564 536 606 43 732 703 963 371 47 364 873 417 489 103 726 411 538 249 152 310 214 601 819 804 190 268 749 903 460 85 719 365 895 102 532 28 127 492 382 599
813 459 429 234 912 202 528 311 525 601 949 354 631 586 254 882 279 753 650 285 853 384 388 798 199 78 792 743 144 636 198 173 902 2 775 10 413 516 398 876 763 849 508 357 808 236 717 285 989 927 243 911 774 6
356 871 123 34 649 107 407 447 860 874 510 995 302 752 158 671 902 60 245 394 536 798 165 883 338 330 823 253 523 975 84 496 504 444 72 944 44 691 664 68 655 549 657 893 405 51 764 593 446 362 521 310 3 66
575 211 92 343 45 393 958 787 359 428 25 592 941 504 921 908 850 674 709 739 849 560 361 408 440 508 275 966 630 863 29 135 505 682 260 868 943 674 958 245 240 675 689 668 709 817 161 290 760 4 990 994 150 53
711 438 585 467 208 331 166 514 999 94 343 49 492 933 557 146 932 889 350 941 893 713 320 647 593 279 638 628 35 611 115 624 205 342 720 295 168 669 482 600 238 676 662 900 218 104 221 735 705 638 642 962 820 309
270 222 779 105 60 879 493 106 587 398 799 701 288 905 653 141 215 444 15 200 364 849 32 641 289 560 835 998 517 35 283 521 76 905 221 706 320 659 579 6 432 756 126 474 859 982 264 921 765 774 336 629 539 345
309 811 139 201 354 855 240 763 141 898 280 49 427 805 566 696 353 588 540 682 86 736 919 37 647 457 285 244 413 511 932 870 259 630 436 376 971 472 731 305 624 467 447 883 50 303 343 488 447 606 822 155 254 678
83 884 817 156 751 446 398 304 412 465 200 861 74 263 392 701 827 121 532 272 164 353 8 422 112 95 862 566 213 554 415 338 622 631 629 903 627 899 919 51 770 209 289 750 30 441 7 35 758 237 507 572 777 551
900 291 992 672 643 189 672 924 823 402 725 952 510 860 404 315 334 175 921 538 254 26 508 950 674 350 881 710 500 169 183 24 791 625 961 877 205 742 179 769 468 668 707 818 729 408 860 550 686 212 968 127 667 163
0 496 721 104 471 426 95 287 775 251 485 784 448 194 273 438 739 997 755 257 275 766 128 941 793 179 483 816 606 9 934 651 287 716 420 872 459 304 923 959 496 114 201 978 743 677 675 979 643 976 87 727 321 99
389 67 498 448 443 753 983 251 775 458 643 650 780 137 638 95 715 165 48 955 156 266 525 143 813 604 942 208 548 692 596 746 560 675 85 0 490 906 106 955 541 772 157 327 750 704 248 579 44 639 894 781 245 619
662 505 193 243 442 191 955 676 772 873 738 339 896 207 549 801 905 46 893 57 887 648 753 284 394 367 59 860 44 266 364 855 406 973 634 367 506 26 67 52 649 474 856 443 349 577 958 549 433 22 803 262 967 974
886 915 834 839 8 317 536 281 86 377 878 791 317 398 516 805 649 310 943 373 216 318 568 340 525 379 928 406 139 551 764 332 514 272 980 201 453 454 634 892 457 501 376 33 739 773 350 755 606 51 29 162 432 785
18 604 532 425 755 289 552 630 196 949 681 414 636 227 58 992 419 301 993 390 594 542 233 144 702 831 115 260 407 263 690 936 133 463 466 880 670 59 58 628 204 712 898 985 529 456 326 603 262 172 152 588 880 516
972 708 230 124 292 34 230 129 810 346 161 148 286 107 83 670 987 483 223 178 622 271 506 786 336 503 496 99 865 223 707 661 968 611 941 922 197 587 310 780 392 547 844 87 630 61 59 634 32 347 239 631 43 677
811 620 740 123 272 344 532 333 468 773 71 483 801 440 624 716 848 59 406 874 211 639 397 806 57 239 202 858 263 222 563 188 866 188 822 115 764 362 234 542 684 683 708 233 67 829 576 657 698 584 395 615 316 93
904 51 187 861 77 662 62 567 255 705 961 285 650 672 639 748 314 854 57 522 408 249 552 433 997 704 844 532 743 541 235 406 937 359 217 912 134 363 694 476 726 707 300 739 658 200 382 347 266 648 420 982 10 404
289 470 830 530 716 647 934 702 66 464 752 139 39 631 103 367 972 160 201 322 217 677 855 328 971 353 582 631 728 586 458 52 137 409 435 184 343 233 501 361 668 616 816 182 202 763 613 771 732 763 966 263 231 318
353 962 141 210 964 679 385 358 533 560 178 596 906 837 673 631 343 533 449 345 63 186 912 410 863 682 365 622 186 150 983 653 311 750 712 502 52 518 394 684 857 777 313 834 542 768 44 8 201 978 577 597 373 643
289 708 366 956 489 744 768 928 507 497 520 299 200 5 226 462 943 450 95 565 202 594 116 373 716 302 122 937 978 983 829 216 55 90 2 664 805 328 350 444 494 702 80 489 206 430 72 998 608 903 814 1 734 276
608 165 73 277 997 402 131 781 518 156 116 557 225 158 711 979 987 873 553 682 933 683 86 888 117 667 92 793 622 648 406 481 939 35 154 263 344 109 272 994 674 622 767 402 801 4 955 491 997 559 152 151 592 994
692 949 95 921 550 698 967 344 418 204 764 725 391 622 201 544 663 497 60 827 960 489 125 518 245 126 109 433 951 651 204 748 692 115 742 62 464 761 136 409 258 908 419 353 134 544 976 408 584 891 590 161 33 974
642 25 111 751 794 13 462 756 434 288 513 557 469 772 770 420 789 383 228 451 506 158 861 254 440 415 341 176 440 333 988 580 161 806 574 484 725 253 389 341 579 701 74 374 162 846 527 417 93 815 861 892 771 224
700 277 149 28 529 287 202 962 945 799 805 417 205 584 46 429 293 108 773 822 114 597 911 666 450 525 387 737 712 218 228 547 442 228 762 926 234 618 466 514 948 480 797 632 73 239 584 932 187 529 463 438 863 187
277 787 910 873 783 461 624 820 571 442 263 229 304 799 360 698 501 311 428 977 672 237 532 100 895 531 414 168 198 882 839 775 502 86 404 362 766 985 729 811 696 869 997 492 585 86 40 783 313 314 743 1000 598 767
960 687 11 376 32 889 101 433 849 447 91 819 347 192 128 581 651 709 501 904 868 267 42 445 960 1 848 338 104 29 524 707 491 513 906 469 961 322 873 653 927 696 962 620 814 123 32 8 566 225 300 470 753 363
428 278 562 471 790 308 914 847 29 820 80 754 23 923 509 195 843 53 189 205 769 240 470 483 684 772 145 209 405 874 925 156 597 530 578 181 763 800 165 57 742 618 910 726 751 968 172 531 388 689 720 330 372 15
964 895 925 858 611 500 541 799 305 319 711 305 498 113 601 705 835 303 922 563 447 468 946 478 305 387 990 301 413 618 842 454 9 547 374 1000 680 74 964 780 478 294 304 514 835 383 341 825 701 54 607 661 451 688
938 913 448 385 437 909 929 284 451 387 36 660 551 681 621 368 812 465 147 883 217 284 387 303 25 813 783 814 473 134 171 21 528 377 4 976 625 13 678 209 947 25 333 286 754 128 195 220 755 886 675 182 398 756
714 854 105 702 433 648 501 423 147 773 931 559 28 641 551 865 631 1000 545 691 845 507 651 790 983 399 875 919 343 797 365 756 927 208 505 106 661 924 780 510 204 706 360 528 29 164 788 458 511 399 879 355 438 707
482 122 792 134 990 88 825 687 215 184 365 208 149 556 923 569 705 596 928 723 974 262 579 625 218 743 66 345 107 307 572 625 329 69 719 793 860 769 652 849 411 364 186 891 111 896 9 812 41 361 189 449 930 531
700 198 827 473 70 711 540 745 425 977 113 582 411 467 983 182 73 841 991 895 38 960 730 884 893 443 865 235 89 649 532 11 71 92 704 94 579 29 487 718 768 100 592 568 482 650 530 464 668 253 301 858 598 48
20 389 203 554 88 397 75 544 88 27 233 282 515 325 146 300 934 125 557 367 835 473 626 501 678 330 465 774 59 346 88 989 471 605 432 267 731 34 560 26 113 959 644 369 497 104 613 656 133 511 612 182 545 699
764 642 14 615 355 591 291 409 230 746 777 896 519 801 384 288 507 918 60 354 684 192 730 116 371 691 487 533 936 516 204 657 639 358 656 531 412 988 391 633 765 277 101 214 999 669 215 313 373 968 388 90 328 682
129 796 41 932 397 434 656 164 663 244 218 868 605 670 837 281 63 30 251 412 83 890 595 892 495 275 434 126 229 684 739 335 716 585 798 569 470 368 558 959 613 366 289 320 863 211 957 616 587 684 215 971 774 104
683 111 333 27 723 213 924 766 731 417 557 883 573 726 257 339 816 294 583 884 866 795 638 976 813 171 875 366 730 378 221 681 236 741 150 968 500 569 285 84 983 18 351 98 322 457 782 197 790 599 147 669 516 773
875 636 777 423 882 859 161 51 951 32 677 489 468 972 374 139 862 502 621 268 107 389 287 482 271 708 170 129 514 871 830 727 668 244 142 944 406 694 630 74 159 478 818 159 915 401 919 67 614 996 368 385 409 394
735 246 690 953 364 706 465 325 156 734 640 968 121 808 611 618 751 665 521 657 335 796 899 364 258 693 504 657 869 359 944 499 423 68 682 393 638 654 92 884 131 130 562 86 318 917 443 391 222 300 442 590 351 62
990 451 805 283 436 957 685 5 237 839 665 726 360 137 913 920 857 405 415 855 471 734 197 739 744 523 971 59 478 207 115 394 272 1000 936 513 521 482 507 913 391 29 58 928 310 142 31 956 793 970 160 575 346 952
672 304 138 1 473 752 980 491 269 525 468 358 373 776 606 670 149 24 610 170 433 315 59 951 432 775 775 403 601 888 844 99 518 145 883 301 703 114 445 603 843 15 605 95 70 342 951 601 142 789 409 637 169 193
872 542 3 487 987 278 201 792 622 183 430 156 278 905 183 759 109 756 53 726 816 261 267 205 346 206 81 482 405 21 405 538 953 691 23 440 246 653 447 483 808 61 760 262 995 515 198 814 414 75 240 550 542 447
