100
5 121111
6 1300837
0 8
6 0010031
3 1001
6 6183927
6 0000201
6 9999999
4 44022
2 001
0 1
6 0080001
6 2120021
6 3545435
6 0000001
6 4124432
1 22
5 000401
1 96
2 061
1 21
5 205001
1 09
6 0020001
3 0101
3 9881
2 001
3 2121
6 4000501
5 111111
6 5100101
2 001
6 1202011
6 2222121
6 0000001
6 1221122
3 4001
6 3050001
3 3001
6 1259268
6 0000001
6 6000901
6 0000008
5 607008
2 001
5 110011
6 2110121
4 01022
6 6050223
6 5128582
4 40001
4 21011
6 6080001
1 01
6 1113219
5 600001
6 2334889
6 4000201
6 2020121
0 1
6 0000001
6 0010021
6 1111111
2 143
4 10102
3 5919
3 1072
0 1
6 1012111
6 5030687
6 0000001
6 0090001
4 00061
6 9008088
6 6000001
6 0000007
5 630501
6 0004071
4 00041
6 6154262
4 11111
6 1112101
0 1
6 6874511
6 0000006
6 0000701
6 3290001
6 0000001
4 08001
3 1101
6 2101101
6 0000001
6 0002001
6 0212102
4 00007
6 0000008
6 2070601
0 1
6 2800009
6 2022001
