100
2 2 2
2 1 3
4 4 1
3 2 3
6 6 3
4 3 2
5 20 5
5 2 20
19 19 19
5 5 1
7 1 7
5 5 5
6 12 12
19 19 10
7 14 5
5 3 8
6 9 2
3 1 3
7 3 7
16 8 8
5 3 5
18 15 18
13 16 10
8 4 4
14 7 8
3 4 4
3 3 4
18 3 6
18 12 15
6 4 20
2 1 1
8 16 6
19 19 1
9 9 9
6 3 4
7 14 20
4 4 3
6 6 6
6 10 3
5 15 2
5 10 5
5 20 1
8 10 11
18 6 9
18 9 12
7 7 7
6 18 1
10 10 10
5 2 10
7 4 7
20 10 16
6 6 5
6 5 5
5 4 4
12 12 2
5 10 4
5 4 5
11 11 11
4 4 4
7 2 7
8 8 8
5 20 20
8 7 1
5 7 7
4 1 4
6 20 20
5 3 10
2 4 4
6 3 8
7 5 7
5 6 10
5 15 3
10 10 1
5 20 4
5 3 20
2 3 3
6 4 9
4 2 4
10 15 5
15 10 9
20 17 14
20 20 20
5 10 10
2 1 4
10 5 20
1 1 1
5 5 6
2 4 1
5 5 3
5 4 15
3 2 2
7 6 7
4 3 3
6 18 18
6 3 20
5 2 5
5 10 7
6 4 6
7 14 4
17 4 5
