4096
1 1 1
1 1 2
1 1 3
1 1 4
1 1 5
1 1 6
1 1 7
1 1 8
1 1 9
1 1 10
1 1 11
1 1 12
1 1 13
1 1 14
1 1 15
1 1 16
1 1 17
1 1 18
1 1 19
1 1 20
1 1 21
1 1 22
1 1 23
1 1 24
1 1 25
1 1 26
1 1 27
1 1 28
1 1 29
1 1 30
1 1 31
1 1 32
1 1 33
1 1 34
1 1 35
1 1 36
1 1 37
1 1 38
1 1 39
1 1 40
1 1 41
1 1 42
1 1 43
1 1 44
1 1 45
1 1 46
1 1 47
1 1 48
1 1 49
1 1 50
1 1 51
1 1 52
1 1 53
1 1 54
1 1 55
1 1 56
1 1 57
1 1 58
1 1 59
1 1 60
1 1 61
1 1 62
1 1 63
1 1 64
1 2 1
1 2 2
1 2 3
1 2 4
1 2 5
1 2 6
1 2 7
1 2 8
1 2 9
1 2 10
1 2 11
1 2 12
1 2 13
1 2 14
1 2 15
1 2 16
1 2 17
1 2 18
1 2 19
1 2 20
1 2 21
1 2 22
1 2 23
1 2 24
1 2 25
1 2 26
1 2 27
1 2 28
1 2 29
1 2 30
1 2 31
1 2 32
1 2 33
1 2 34
1 2 35
1 2 36
1 2 37
1 2 38
1 2 39
1 2 40
1 2 41
1 2 42
1 2 43
1 2 44
1 2 45
1 2 46
1 2 47
1 2 48
1 2 49
1 2 50
1 2 51
1 2 52
1 2 53
1 2 54
1 2 55
1 2 56
1 2 57
1 2 58
1 2 59
1 2 60
1 2 61
1 2 62
1 2 63
1 2 64
1 3 1
1 3 2
1 3 3
1 3 4
1 3 5
1 3 6
1 3 7
1 3 8
1 3 9
1 3 10
1 3 11
1 3 12
1 3 13
1 3 14
1 3 15
1 3 16
1 3 17
1 3 18
1 3 19
1 3 20
1 3 21
1 3 22
1 3 23
1 3 24
1 3 25
1 3 26
1 3 27
1 3 28
1 3 29
1 3 30
1 3 31
1 3 32
1 3 33
1 3 34
1 3 35
1 3 36
1 3 37
1 3 38
1 3 39
1 3 40
1 3 41
1 3 42
1 3 43
1 3 44
1 3 45
1 3 46
1 3 47
1 3 48
1 3 49
1 3 50
1 3 51
1 3 52
1 3 53
1 3 54
1 3 55
1 3 56
1 3 57
1 3 58
1 3 59
1 3 60
1 3 61
1 3 62
1 3 63
1 3 64
1 4 1
1 4 2
1 4 3
1 4 4
1 4 5
1 4 6
1 4 7
1 4 8
1 4 9
1 4 10
1 4 11
1 4 12
1 4 13
1 4 14
1 4 15
1 4 16
1 4 17
1 4 18
1 4 19
1 4 20
1 4 21
1 4 22
1 4 23
1 4 24
1 4 25
1 4 26
1 4 27
1 4 28
1 4 29
1 4 30
1 4 31
1 4 32
1 4 33
1 4 34
1 4 35
1 4 36
1 4 37
1 4 38
1 4 39
1 4 40
1 4 41
1 4 42
1 4 43
1 4 44
1 4 45
1 4 46
1 4 47
1 4 48
1 4 49
1 4 50
1 4 51
1 4 52
1 4 53
1 4 54
1 4 55
1 4 56
1 4 57
1 4 58
1 4 59
1 4 60
1 4 61
1 4 62
1 4 63
1 4 64
1 5 1
1 5 2
1 5 3
1 5 4
1 5 5
1 5 6
1 5 7
1 5 8
1 5 9
1 5 10
1 5 11
1 5 12
1 5 13
1 5 14
1 5 15
1 5 16
1 5 17
1 5 18
1 5 19
1 5 20
1 5 21
1 5 22
1 5 23
1 5 24
1 5 25
1 5 26
1 5 27
1 5 28
1 5 29
1 5 30
1 5 31
1 5 32
1 5 33
1 5 34
1 5 35
1 5 36
1 5 37
1 5 38
1 5 39
1 5 40
1 5 41
1 5 42
1 5 43
1 5 44
1 5 45
1 5 46
1 5 47
1 5 48
1 5 49
1 5 50
1 5 51
1 5 52
1 5 53
1 5 54
1 5 55
1 5 56
1 5 57
1 5 58
1 5 59
1 5 60
1 5 61
1 5 62
1 5 63
1 5 64
1 6 1
1 6 2
1 6 3
1 6 4
1 6 5
1 6 6
1 6 7
1 6 8
1 6 9
1 6 10
1 6 11
1 6 12
1 6 13
1 6 14
1 6 15
1 6 16
1 6 17
1 6 18
1 6 19
1 6 20
1 6 21
1 6 22
1 6 23
1 6 24
1 6 25
1 6 26
1 6 27
1 6 28
1 6 29
1 6 30
1 6 31
1 6 32
1 6 33
1 6 34
1 6 35
1 6 36
1 6 37
1 6 38
1 6 39
1 6 40
1 6 41
1 6 42
1 6 43
1 6 44
1 6 45
1 6 46
1 6 47
1 6 48
1 6 49
1 6 50
1 6 51
1 6 52
1 6 53
1 6 54
1 6 55
1 6 56
1 6 57
1 6 58
1 6 59
1 6 60
1 6 61
1 6 62
1 6 63
1 6 64
1 7 1
1 7 2
1 7 3
1 7 4
1 7 5
1 7 6
1 7 7
1 7 8
1 7 9
1 7 10
1 7 11
1 7 12
1 7 13
1 7 14
1 7 15
1 7 16
1 7 17
1 7 18
1 7 19
1 7 20
1 7 21
1 7 22
1 7 23
1 7 24
1 7 25
1 7 26
1 7 27
1 7 28
1 7 29
1 7 30
1 7 31
1 7 32
1 7 33
1 7 34
1 7 35
1 7 36
1 7 37
1 7 38
1 7 39
1 7 40
1 7 41
1 7 42
1 7 43
1 7 44
1 7 45
1 7 46
1 7 47
1 7 48
1 7 49
1 7 50
1 7 51
1 7 52
1 7 53
1 7 54
1 7 55
1 7 56
1 7 57
1 7 58
1 7 59
1 7 60
1 7 61
1 7 62
1 7 63
1 7 64
1 8 1
1 8 2
1 8 3
1 8 4
1 8 5
1 8 6
1 8 7
1 8 8
1 8 9
1 8 10
1 8 11
1 8 12
1 8 13
1 8 14
1 8 15
1 8 16
1 8 17
1 8 18
1 8 19
1 8 20
1 8 21
1 8 22
1 8 23
1 8 24
1 8 25
1 8 26
1 8 27
1 8 28
1 8 29
1 8 30
1 8 31
1 8 32
1 8 33
1 8 34
1 8 35
1 8 36
1 8 37
1 8 38
1 8 39
1 8 40
1 8 41
1 8 42
1 8 43
1 8 44
1 8 45
1 8 46
1 8 47
1 8 48
1 8 49
1 8 50
1 8 51
1 8 52
1 8 53
1 8 54
1 8 55
1 8 56
1 8 57
1 8 58
1 8 59
1 8 60
1 8 61
1 8 62
1 8 63
1 8 64
2 1 1
2 1 2
2 1 3
2 1 4
2 1 5
2 1 6
2 1 7
2 1 8
2 1 9
2 1 10
2 1 11
2 1 12
2 1 13
2 1 14
2 1 15
2 1 16
2 1 17
2 1 18
2 1 19
2 1 20
2 1 21
2 1 22
2 1 23
2 1 24
2 1 25
2 1 26
2 1 27
2 1 28
2 1 29
2 1 30
2 1 31
2 1 32
2 1 33
2 1 34
2 1 35
2 1 36
2 1 37
2 1 38
2 1 39
2 1 40
2 1 41
2 1 42
2 1 43
2 1 44
2 1 45
2 1 46
2 1 47
2 1 48
2 1 49
2 1 50
2 1 51
2 1 52
2 1 53
2 1 54
2 1 55
2 1 56
2 1 57
2 1 58
2 1 59
2 1 60
2 1 61
2 1 62
2 1 63
2 1 64
2 2 1
2 2 2
2 2 3
2 2 4
2 2 5
2 2 6
2 2 7
2 2 8
2 2 9
2 2 10
2 2 11
2 2 12
2 2 13
2 2 14
2 2 15
2 2 16
2 2 17
2 2 18
2 2 19
2 2 20
2 2 21
2 2 22
2 2 23
2 2 24
2 2 25
2 2 26
2 2 27
2 2 28
2 2 29
2 2 30
2 2 31
2 2 32
2 2 33
2 2 34
2 2 35
2 2 36
2 2 37
2 2 38
2 2 39
2 2 40
2 2 41
2 2 42
2 2 43
2 2 44
2 2 45
2 2 46
2 2 47
2 2 48
2 2 49
2 2 50
2 2 51
2 2 52
2 2 53
2 2 54
2 2 55
2 2 56
2 2 57
2 2 58
2 2 59
2 2 60
2 2 61
2 2 62
2 2 63
2 2 64
2 3 1
2 3 2
2 3 3
2 3 4
2 3 5
2 3 6
2 3 7
2 3 8
2 3 9
2 3 10
2 3 11
2 3 12
2 3 13
2 3 14
2 3 15
2 3 16
2 3 17
2 3 18
2 3 19
2 3 20
2 3 21
2 3 22
2 3 23
2 3 24
2 3 25
2 3 26
2 3 27
2 3 28
2 3 29
2 3 30
2 3 31
2 3 32
2 3 33
2 3 34
2 3 35
2 3 36
2 3 37
2 3 38
2 3 39
2 3 40
2 3 41
2 3 42
2 3 43
2 3 44
2 3 45
2 3 46
2 3 47
2 3 48
2 3 49
2 3 50
2 3 51
2 3 52
2 3 53
2 3 54
2 3 55
2 3 56
2 3 57
2 3 58
2 3 59
2 3 60
2 3 61
2 3 62
2 3 63
2 3 64
2 4 1
2 4 2
2 4 3
2 4 4
2 4 5
2 4 6
2 4 7
2 4 8
2 4 9
2 4 10
2 4 11
2 4 12
2 4 13
2 4 14
2 4 15
2 4 16
2 4 17
2 4 18
2 4 19
2 4 20
2 4 21
2 4 22
2 4 23
2 4 24
2 4 25
2 4 26
2 4 27
2 4 28
2 4 29
2 4 30
2 4 31
2 4 32
2 4 33
2 4 34
2 4 35
2 4 36
2 4 37
2 4 38
2 4 39
2 4 40
2 4 41
2 4 42
2 4 43
2 4 44
2 4 45
2 4 46
2 4 47
2 4 48
2 4 49
2 4 50
2 4 51
2 4 52
2 4 53
2 4 54
2 4 55
2 4 56
2 4 57
2 4 58
2 4 59
2 4 60
2 4 61
2 4 62
2 4 63
2 4 64
2 5 1
2 5 2
2 5 3
2 5 4
2 5 5
2 5 6
2 5 7
2 5 8
2 5 9
2 5 10
2 5 11
2 5 12
2 5 13
2 5 14
2 5 15
2 5 16
2 5 17
2 5 18
2 5 19
2 5 20
2 5 21
2 5 22
2 5 23
2 5 24
2 5 25
2 5 26
2 5 27
2 5 28
2 5 29
2 5 30
2 5 31
2 5 32
2 5 33
2 5 34
2 5 35
2 5 36
2 5 37
2 5 38
2 5 39
2 5 40
2 5 41
2 5 42
2 5 43
2 5 44
2 5 45
2 5 46
2 5 47
2 5 48
2 5 49
2 5 50
2 5 51
2 5 52
2 5 53
2 5 54
2 5 55
2 5 56
2 5 57
2 5 58
2 5 59
2 5 60
2 5 61
2 5 62
2 5 63
2 5 64
2 6 1
2 6 2
2 6 3
2 6 4
2 6 5
2 6 6
2 6 7
2 6 8
2 6 9
2 6 10
2 6 11
2 6 12
2 6 13
2 6 14
2 6 15
2 6 16
2 6 17
2 6 18
2 6 19
2 6 20
2 6 21
2 6 22
2 6 23
2 6 24
2 6 25
2 6 26
2 6 27
2 6 28
2 6 29
2 6 30
2 6 31
2 6 32
2 6 33
2 6 34
2 6 35
2 6 36
2 6 37
2 6 38
2 6 39
2 6 40
2 6 41
2 6 42
2 6 43
2 6 44
2 6 45
2 6 46
2 6 47
2 6 48
2 6 49
2 6 50
2 6 51
2 6 52
2 6 53
2 6 54
2 6 55
2 6 56
2 6 57
2 6 58
2 6 59
2 6 60
2 6 61
2 6 62
2 6 63
2 6 64
2 7 1
2 7 2
2 7 3
2 7 4
2 7 5
2 7 6
2 7 7
2 7 8
2 7 9
2 7 10
2 7 11
2 7 12
2 7 13
2 7 14
2 7 15
2 7 16
2 7 17
2 7 18
2 7 19
2 7 20
2 7 21
2 7 22
2 7 23
2 7 24
2 7 25
2 7 26
2 7 27
2 7 28
2 7 29
2 7 30
2 7 31
2 7 32
2 7 33
2 7 34
2 7 35
2 7 36
2 7 37
2 7 38
2 7 39
2 7 40
2 7 41
2 7 42
2 7 43
2 7 44
2 7 45
2 7 46
2 7 47
2 7 48
2 7 49
2 7 50
2 7 51
2 7 52
2 7 53
2 7 54
2 7 55
2 7 56
2 7 57
2 7 58
2 7 59
2 7 60
2 7 61
2 7 62
2 7 63
2 7 64
2 8 1
2 8 2
2 8 3
2 8 4
2 8 5
2 8 6
2 8 7
2 8 8
2 8 9
2 8 10
2 8 11
2 8 12
2 8 13
2 8 14
2 8 15
2 8 16
2 8 17
2 8 18
2 8 19
2 8 20
2 8 21
2 8 22
2 8 23
2 8 24
2 8 25
2 8 26
2 8 27
2 8 28
2 8 29
2 8 30
2 8 31
2 8 32
2 8 33
2 8 34
2 8 35
2 8 36
2 8 37
2 8 38
2 8 39
2 8 40
2 8 41
2 8 42
2 8 43
2 8 44
2 8 45
2 8 46
2 8 47
2 8 48
2 8 49
2 8 50
2 8 51
2 8 52
2 8 53
2 8 54
2 8 55
2 8 56
2 8 57
2 8 58
2 8 59
2 8 60
2 8 61
2 8 62
2 8 63
2 8 64
3 1 1
3 1 2
3 1 3
3 1 4
3 1 5
3 1 6
3 1 7
3 1 8
3 1 9
3 1 10
3 1 11
3 1 12
3 1 13
3 1 14
3 1 15
3 1 16
3 1 17
3 1 18
3 1 19
3 1 20
3 1 21
3 1 22
3 1 23
3 1 24
3 1 25
3 1 26
3 1 27
3 1 28
3 1 29
3 1 30
3 1 31
3 1 32
3 1 33
3 1 34
3 1 35
3 1 36
3 1 37
3 1 38
3 1 39
3 1 40
3 1 41
3 1 42
3 1 43
3 1 44
3 1 45
3 1 46
3 1 47
3 1 48
3 1 49
3 1 50
3 1 51
3 1 52
3 1 53
3 1 54
3 1 55
3 1 56
3 1 57
3 1 58
3 1 59
3 1 60
3 1 61
3 1 62
3 1 63
3 1 64
3 2 1
3 2 2
3 2 3
3 2 4
3 2 5
3 2 6
3 2 7
3 2 8
3 2 9
3 2 10
3 2 11
3 2 12
3 2 13
3 2 14
3 2 15
3 2 16
3 2 17
3 2 18
3 2 19
3 2 20
3 2 21
3 2 22
3 2 23
3 2 24
3 2 25
3 2 26
3 2 27
3 2 28
3 2 29
3 2 30
3 2 31
3 2 32
3 2 33
3 2 34
3 2 35
3 2 36
3 2 37
3 2 38
3 2 39
3 2 40
3 2 41
3 2 42
3 2 43
3 2 44
3 2 45
3 2 46
3 2 47
3 2 48
3 2 49
3 2 50
3 2 51
3 2 52
3 2 53
3 2 54
3 2 55
3 2 56
3 2 57
3 2 58
3 2 59
3 2 60
3 2 61
3 2 62
3 2 63
3 2 64
3 3 1
3 3 2
3 3 3
3 3 4
3 3 5
3 3 6
3 3 7
3 3 8
3 3 9
3 3 10
3 3 11
3 3 12
3 3 13
3 3 14
3 3 15
3 3 16
3 3 17
3 3 18
3 3 19
3 3 20
3 3 21
3 3 22
3 3 23
3 3 24
3 3 25
3 3 26
3 3 27
3 3 28
3 3 29
3 3 30
3 3 31
3 3 32
3 3 33
3 3 34
3 3 35
3 3 36
3 3 37
3 3 38
3 3 39
3 3 40
3 3 41
3 3 42
3 3 43
3 3 44
3 3 45
3 3 46
3 3 47
3 3 48
3 3 49
3 3 50
3 3 51
3 3 52
3 3 53
3 3 54
3 3 55
3 3 56
3 3 57
3 3 58
3 3 59
3 3 60
3 3 61
3 3 62
3 3 63
3 3 64
3 4 1
3 4 2
3 4 3
3 4 4
3 4 5
3 4 6
3 4 7
3 4 8
3 4 9
3 4 10
3 4 11
3 4 12
3 4 13
3 4 14
3 4 15
3 4 16
3 4 17
3 4 18
3 4 19
3 4 20
3 4 21
3 4 22
3 4 23
3 4 24
3 4 25
3 4 26
3 4 27
3 4 28
3 4 29
3 4 30
3 4 31
3 4 32
3 4 33
3 4 34
3 4 35
3 4 36
3 4 37
3 4 38
3 4 39
3 4 40
3 4 41
3 4 42
3 4 43
3 4 44
3 4 45
3 4 46
3 4 47
3 4 48
3 4 49
3 4 50
3 4 51
3 4 52
3 4 53
3 4 54
3 4 55
3 4 56
3 4 57
3 4 58
3 4 59
3 4 60
3 4 61
3 4 62
3 4 63
3 4 64
3 5 1
3 5 2
3 5 3
3 5 4
3 5 5
3 5 6
3 5 7
3 5 8
3 5 9
3 5 10
3 5 11
3 5 12
3 5 13
3 5 14
3 5 15
3 5 16
3 5 17
3 5 18
3 5 19
3 5 20
3 5 21
3 5 22
3 5 23
3 5 24
3 5 25
3 5 26
3 5 27
3 5 28
3 5 29
3 5 30
3 5 31
3 5 32
3 5 33
3 5 34
3 5 35
3 5 36
3 5 37
3 5 38
3 5 39
3 5 40
3 5 41
3 5 42
3 5 43
3 5 44
3 5 45
3 5 46
3 5 47
3 5 48
3 5 49
3 5 50
3 5 51
3 5 52
3 5 53
3 5 54
3 5 55
3 5 56
3 5 57
3 5 58
3 5 59
3 5 60
3 5 61
3 5 62
3 5 63
3 5 64
3 6 1
3 6 2
3 6 3
3 6 4
3 6 5
3 6 6
3 6 7
3 6 8
3 6 9
3 6 10
3 6 11
3 6 12
3 6 13
3 6 14
3 6 15
3 6 16
3 6 17
3 6 18
3 6 19
3 6 20
3 6 21
3 6 22
3 6 23
3 6 24
3 6 25
3 6 26
3 6 27
3 6 28
3 6 29
3 6 30
3 6 31
3 6 32
3 6 33
3 6 34
3 6 35
3 6 36
3 6 37
3 6 38
3 6 39
3 6 40
3 6 41
3 6 42
3 6 43
3 6 44
3 6 45
3 6 46
3 6 47
3 6 48
3 6 49
3 6 50
3 6 51
3 6 52
3 6 53
3 6 54
3 6 55
3 6 56
3 6 57
3 6 58
3 6 59
3 6 60
3 6 61
3 6 62
3 6 63
3 6 64
3 7 1
3 7 2
3 7 3
3 7 4
3 7 5
3 7 6
3 7 7
3 7 8
3 7 9
3 7 10
3 7 11
3 7 12
3 7 13
3 7 14
3 7 15
3 7 16
3 7 17
3 7 18
3 7 19
3 7 20
3 7 21
3 7 22
3 7 23
3 7 24
3 7 25
3 7 26
3 7 27
3 7 28
3 7 29
3 7 30
3 7 31
3 7 32
3 7 33
3 7 34
3 7 35
3 7 36
3 7 37
3 7 38
3 7 39
3 7 40
3 7 41
3 7 42
3 7 43
3 7 44
3 7 45
3 7 46
3 7 47
3 7 48
3 7 49
3 7 50
3 7 51
3 7 52
3 7 53
3 7 54
3 7 55
3 7 56
3 7 57
3 7 58
3 7 59
3 7 60
3 7 61
3 7 62
3 7 63
3 7 64
3 8 1
3 8 2
3 8 3
3 8 4
3 8 5
3 8 6
3 8 7
3 8 8
3 8 9
3 8 10
3 8 11
3 8 12
3 8 13
3 8 14
3 8 15
3 8 16
3 8 17
3 8 18
3 8 19
3 8 20
3 8 21
3 8 22
3 8 23
3 8 24
3 8 25
3 8 26
3 8 27
3 8 28
3 8 29
3 8 30
3 8 31
3 8 32
3 8 33
3 8 34
3 8 35
3 8 36
3 8 37
3 8 38
3 8 39
3 8 40
3 8 41
3 8 42
3 8 43
3 8 44
3 8 45
3 8 46
3 8 47
3 8 48
3 8 49
3 8 50
3 8 51
3 8 52
3 8 53
3 8 54
3 8 55
3 8 56
3 8 57
3 8 58
3 8 59
3 8 60
3 8 61
3 8 62
3 8 63
3 8 64
4 1 1
4 1 2
4 1 3
4 1 4
4 1 5
4 1 6
4 1 7
4 1 8
4 1 9
4 1 10
4 1 11
4 1 12
4 1 13
4 1 14
4 1 15
4 1 16
4 1 17
4 1 18
4 1 19
4 1 20
4 1 21
4 1 22
4 1 23
4 1 24
4 1 25
4 1 26
4 1 27
4 1 28
4 1 29
4 1 30
4 1 31
4 1 32
4 1 33
4 1 34
4 1 35
4 1 36
4 1 37
4 1 38
4 1 39
4 1 40
4 1 41
4 1 42
4 1 43
4 1 44
4 1 45
4 1 46
4 1 47
4 1 48
4 1 49
4 1 50
4 1 51
4 1 52
4 1 53
4 1 54
4 1 55
4 1 56
4 1 57
4 1 58
4 1 59
4 1 60
4 1 61
4 1 62
4 1 63
4 1 64
4 2 1
4 2 2
4 2 3
4 2 4
4 2 5
4 2 6
4 2 7
4 2 8
4 2 9
4 2 10
4 2 11
4 2 12
4 2 13
4 2 14
4 2 15
4 2 16
4 2 17
4 2 18
4 2 19
4 2 20
4 2 21
4 2 22
4 2 23
4 2 24
4 2 25
4 2 26
4 2 27
4 2 28
4 2 29
4 2 30
4 2 31
4 2 32
4 2 33
4 2 34
4 2 35
4 2 36
4 2 37
4 2 38
4 2 39
4 2 40
4 2 41
4 2 42
4 2 43
4 2 44
4 2 45
4 2 46
4 2 47
4 2 48
4 2 49
4 2 50
4 2 51
4 2 52
4 2 53
4 2 54
4 2 55
4 2 56
4 2 57
4 2 58
4 2 59
4 2 60
4 2 61
4 2 62
4 2 63
4 2 64
4 3 1
4 3 2
4 3 3
4 3 4
4 3 5
4 3 6
4 3 7
4 3 8
4 3 9
4 3 10
4 3 11
4 3 12
4 3 13
4 3 14
4 3 15
4 3 16
4 3 17
4 3 18
4 3 19
4 3 20
4 3 21
4 3 22
4 3 23
4 3 24
4 3 25
4 3 26
4 3 27
4 3 28
4 3 29
4 3 30
4 3 31
4 3 32
4 3 33
4 3 34
4 3 35
4 3 36
4 3 37
4 3 38
4 3 39
4 3 40
4 3 41
4 3 42
4 3 43
4 3 44
4 3 45
4 3 46
4 3 47
4 3 48
4 3 49
4 3 50
4 3 51
4 3 52
4 3 53
4 3 54
4 3 55
4 3 56
4 3 57
4 3 58
4 3 59
4 3 60
4 3 61
4 3 62
4 3 63
4 3 64
4 4 1
4 4 2
4 4 3
4 4 4
4 4 5
4 4 6
4 4 7
4 4 8
4 4 9
4 4 10
4 4 11
4 4 12
4 4 13
4 4 14
4 4 15
4 4 16
4 4 17
4 4 18
4 4 19
4 4 20
4 4 21
4 4 22
4 4 23
4 4 24
4 4 25
4 4 26
4 4 27
4 4 28
4 4 29
4 4 30
4 4 31
4 4 32
4 4 33
4 4 34
4 4 35
4 4 36
4 4 37
4 4 38
4 4 39
4 4 40
4 4 41
4 4 42
4 4 43
4 4 44
4 4 45
4 4 46
4 4 47
4 4 48
4 4 49
4 4 50
4 4 51
4 4 52
4 4 53
4 4 54
4 4 55
4 4 56
4 4 57
4 4 58
4 4 59
4 4 60
4 4 61
4 4 62
4 4 63
4 4 64
4 5 1
4 5 2
4 5 3
4 5 4
4 5 5
4 5 6
4 5 7
4 5 8
4 5 9
4 5 10
4 5 11
4 5 12
4 5 13
4 5 14
4 5 15
4 5 16
4 5 17
4 5 18
4 5 19
4 5 20
4 5 21
4 5 22
4 5 23
4 5 24
4 5 25
4 5 26
4 5 27
4 5 28
4 5 29
4 5 30
4 5 31
4 5 32
4 5 33
4 5 34
4 5 35
4 5 36
4 5 37
4 5 38
4 5 39
4 5 40
4 5 41
4 5 42
4 5 43
4 5 44
4 5 45
4 5 46
4 5 47
4 5 48
4 5 49
4 5 50
4 5 51
4 5 52
4 5 53
4 5 54
4 5 55
4 5 56
4 5 57
4 5 58
4 5 59
4 5 60
4 5 61
4 5 62
4 5 63
4 5 64
4 6 1
4 6 2
4 6 3
4 6 4
4 6 5
4 6 6
4 6 7
4 6 8
4 6 9
4 6 10
4 6 11
4 6 12
4 6 13
4 6 14
4 6 15
4 6 16
4 6 17
4 6 18
4 6 19
4 6 20
4 6 21
4 6 22
4 6 23
4 6 24
4 6 25
4 6 26
4 6 27
4 6 28
4 6 29
4 6 30
4 6 31
4 6 32
4 6 33
4 6 34
4 6 35
4 6 36
4 6 37
4 6 38
4 6 39
4 6 40
4 6 41
4 6 42
4 6 43
4 6 44
4 6 45
4 6 46
4 6 47
4 6 48
4 6 49
4 6 50
4 6 51
4 6 52
4 6 53
4 6 54
4 6 55
4 6 56
4 6 57
4 6 58
4 6 59
4 6 60
4 6 61
4 6 62
4 6 63
4 6 64
4 7 1
4 7 2
4 7 3
4 7 4
4 7 5
4 7 6
4 7 7
4 7 8
4 7 9
4 7 10
4 7 11
4 7 12
4 7 13
4 7 14
4 7 15
4 7 16
4 7 17
4 7 18
4 7 19
4 7 20
4 7 21
4 7 22
4 7 23
4 7 24
4 7 25
4 7 26
4 7 27
4 7 28
4 7 29
4 7 30
4 7 31
4 7 32
4 7 33
4 7 34
4 7 35
4 7 36
4 7 37
4 7 38
4 7 39
4 7 40
4 7 41
4 7 42
4 7 43
4 7 44
4 7 45
4 7 46
4 7 47
4 7 48
4 7 49
4 7 50
4 7 51
4 7 52
4 7 53
4 7 54
4 7 55
4 7 56
4 7 57
4 7 58
4 7 59
4 7 60
4 7 61
4 7 62
4 7 63
4 7 64
4 8 1
4 8 2
4 8 3
4 8 4
4 8 5
4 8 6
4 8 7
4 8 8
4 8 9
4 8 10
4 8 11
4 8 12
4 8 13
4 8 14
4 8 15
4 8 16
4 8 17
4 8 18
4 8 19
4 8 20
4 8 21
4 8 22
4 8 23
4 8 24
4 8 25
4 8 26
4 8 27
4 8 28
4 8 29
4 8 30
4 8 31
4 8 32
4 8 33
4 8 34
4 8 35
4 8 36
4 8 37
4 8 38
4 8 39
4 8 40
4 8 41
4 8 42
4 8 43
4 8 44
4 8 45
4 8 46
4 8 47
4 8 48
4 8 49
4 8 50
4 8 51
4 8 52
4 8 53
4 8 54
4 8 55
4 8 56
4 8 57
4 8 58
4 8 59
4 8 60
4 8 61
4 8 62
4 8 63
4 8 64
5 1 1
5 1 2
5 1 3
5 1 4
5 1 5
5 1 6
5 1 7
5 1 8
5 1 9
5 1 10
5 1 11
5 1 12
5 1 13
5 1 14
5 1 15
5 1 16
5 1 17
5 1 18
5 1 19
5 1 20
5 1 21
5 1 22
5 1 23
5 1 24
5 1 25
5 1 26
5 1 27
5 1 28
5 1 29
5 1 30
5 1 31
5 1 32
5 1 33
5 1 34
5 1 35
5 1 36
5 1 37
5 1 38
5 1 39
5 1 40
5 1 41
5 1 42
5 1 43
5 1 44
5 1 45
5 1 46
5 1 47
5 1 48
5 1 49
5 1 50
5 1 51
5 1 52
5 1 53
5 1 54
5 1 55
5 1 56
5 1 57
5 1 58
5 1 59
5 1 60
5 1 61
5 1 62
5 1 63
5 1 64
5 2 1
5 2 2
5 2 3
5 2 4
5 2 5
5 2 6
5 2 7
5 2 8
5 2 9
5 2 10
5 2 11
5 2 12
5 2 13
5 2 14
5 2 15
5 2 16
5 2 17
5 2 18
5 2 19
5 2 20
5 2 21
5 2 22
5 2 23
5 2 24
5 2 25
5 2 26
5 2 27
5 2 28
5 2 29
5 2 30
5 2 31
5 2 32
5 2 33
5 2 34
5 2 35
5 2 36
5 2 37
5 2 38
5 2 39
5 2 40
5 2 41
5 2 42
5 2 43
5 2 44
5 2 45
5 2 46
5 2 47
5 2 48
5 2 49
5 2 50
5 2 51
5 2 52
5 2 53
5 2 54
5 2 55
5 2 56
5 2 57
5 2 58
5 2 59
5 2 60
5 2 61
5 2 62
5 2 63
5 2 64
5 3 1
5 3 2
5 3 3
5 3 4
5 3 5
5 3 6
5 3 7
5 3 8
5 3 9
5 3 10
5 3 11
5 3 12
5 3 13
5 3 14
5 3 15
5 3 16
5 3 17
5 3 18
5 3 19
5 3 20
5 3 21
5 3 22
5 3 23
5 3 24
5 3 25
5 3 26
5 3 27
5 3 28
5 3 29
5 3 30
5 3 31
5 3 32
5 3 33
5 3 34
5 3 35
5 3 36
5 3 37
5 3 38
5 3 39
5 3 40
5 3 41
5 3 42
5 3 43
5 3 44
5 3 45
5 3 46
5 3 47
5 3 48
5 3 49
5 3 50
5 3 51
5 3 52
5 3 53
5 3 54
5 3 55
5 3 56
5 3 57
5 3 58
5 3 59
5 3 60
5 3 61
5 3 62
5 3 63
5 3 64
5 4 1
5 4 2
5 4 3
5 4 4
5 4 5
5 4 6
5 4 7
5 4 8
5 4 9
5 4 10
5 4 11
5 4 12
5 4 13
5 4 14
5 4 15
5 4 16
5 4 17
5 4 18
5 4 19
5 4 20
5 4 21
5 4 22
5 4 23
5 4 24
5 4 25
5 4 26
5 4 27
5 4 28
5 4 29
5 4 30
5 4 31
5 4 32
5 4 33
5 4 34
5 4 35
5 4 36
5 4 37
5 4 38
5 4 39
5 4 40
5 4 41
5 4 42
5 4 43
5 4 44
5 4 45
5 4 46
5 4 47
5 4 48
5 4 49
5 4 50
5 4 51
5 4 52
5 4 53
5 4 54
5 4 55
5 4 56
5 4 57
5 4 58
5 4 59
5 4 60
5 4 61
5 4 62
5 4 63
5 4 64
5 5 1
5 5 2
5 5 3
5 5 4
5 5 5
5 5 6
5 5 7
5 5 8
5 5 9
5 5 10
5 5 11
5 5 12
5 5 13
5 5 14
5 5 15
5 5 16
5 5 17
5 5 18
5 5 19
5 5 20
5 5 21
5 5 22
5 5 23
5 5 24
5 5 25
5 5 26
5 5 27
5 5 28
5 5 29
5 5 30
5 5 31
5 5 32
5 5 33
5 5 34
5 5 35
5 5 36
5 5 37
5 5 38
5 5 39
5 5 40
5 5 41
5 5 42
5 5 43
5 5 44
5 5 45
5 5 46
5 5 47
5 5 48
5 5 49
5 5 50
5 5 51
5 5 52
5 5 53
5 5 54
5 5 55
5 5 56
5 5 57
5 5 58
5 5 59
5 5 60
5 5 61
5 5 62
5 5 63
5 5 64
5 6 1
5 6 2
5 6 3
5 6 4
5 6 5
5 6 6
5 6 7
5 6 8
5 6 9
5 6 10
5 6 11
5 6 12
5 6 13
5 6 14
5 6 15
5 6 16
5 6 17
5 6 18
5 6 19
5 6 20
5 6 21
5 6 22
5 6 23
5 6 24
5 6 25
5 6 26
5 6 27
5 6 28
5 6 29
5 6 30
5 6 31
5 6 32
5 6 33
5 6 34
5 6 35
5 6 36
5 6 37
5 6 38
5 6 39
5 6 40
5 6 41
5 6 42
5 6 43
5 6 44
5 6 45
5 6 46
5 6 47
5 6 48
5 6 49
5 6 50
5 6 51
5 6 52
5 6 53
5 6 54
5 6 55
5 6 56
5 6 57
5 6 58
5 6 59
5 6 60
5 6 61
5 6 62
5 6 63
5 6 64
5 7 1
5 7 2
5 7 3
5 7 4
5 7 5
5 7 6
5 7 7
5 7 8
5 7 9
5 7 10
5 7 11
5 7 12
5 7 13
5 7 14
5 7 15
5 7 16
5 7 17
5 7 18
5 7 19
5 7 20
5 7 21
5 7 22
5 7 23
5 7 24
5 7 25
5 7 26
5 7 27
5 7 28
5 7 29
5 7 30
5 7 31
5 7 32
5 7 33
5 7 34
5 7 35
5 7 36
5 7 37
5 7 38
5 7 39
5 7 40
5 7 41
5 7 42
5 7 43
5 7 44
5 7 45
5 7 46
5 7 47
5 7 48
5 7 49
5 7 50
5 7 51
5 7 52
5 7 53
5 7 54
5 7 55
5 7 56
5 7 57
5 7 58
5 7 59
5 7 60
5 7 61
5 7 62
5 7 63
5 7 64
5 8 1
5 8 2
5 8 3
5 8 4
5 8 5
5 8 6
5 8 7
5 8 8
5 8 9
5 8 10
5 8 11
5 8 12
5 8 13
5 8 14
5 8 15
5 8 16
5 8 17
5 8 18
5 8 19
5 8 20
5 8 21
5 8 22
5 8 23
5 8 24
5 8 25
5 8 26
5 8 27
5 8 28
5 8 29
5 8 30
5 8 31
5 8 32
5 8 33
5 8 34
5 8 35
5 8 36
5 8 37
5 8 38
5 8 39
5 8 40
5 8 41
5 8 42
5 8 43
5 8 44
5 8 45
5 8 46
5 8 47
5 8 48
5 8 49
5 8 50
5 8 51
5 8 52
5 8 53
5 8 54
5 8 55
5 8 56
5 8 57
5 8 58
5 8 59
5 8 60
5 8 61
5 8 62
5 8 63
5 8 64
6 1 1
6 1 2
6 1 3
6 1 4
6 1 5
6 1 6
6 1 7
6 1 8
6 1 9
6 1 10
6 1 11
6 1 12
6 1 13
6 1 14
6 1 15
6 1 16
6 1 17
6 1 18
6 1 19
6 1 20
6 1 21
6 1 22
6 1 23
6 1 24
6 1 25
6 1 26
6 1 27
6 1 28
6 1 29
6 1 30
6 1 31
6 1 32
6 1 33
6 1 34
6 1 35
6 1 36
6 1 37
6 1 38
6 1 39
6 1 40
6 1 41
6 1 42
6 1 43
6 1 44
6 1 45
6 1 46
6 1 47
6 1 48
6 1 49
6 1 50
6 1 51
6 1 52
6 1 53
6 1 54
6 1 55
6 1 56
6 1 57
6 1 58
6 1 59
6 1 60
6 1 61
6 1 62
6 1 63
6 1 64
6 2 1
6 2 2
6 2 3
6 2 4
6 2 5
6 2 6
6 2 7
6 2 8
6 2 9
6 2 10
6 2 11
6 2 12
6 2 13
6 2 14
6 2 15
6 2 16
6 2 17
6 2 18
6 2 19
6 2 20
6 2 21
6 2 22
6 2 23
6 2 24
6 2 25
6 2 26
6 2 27
6 2 28
6 2 29
6 2 30
6 2 31
6 2 32
6 2 33
6 2 34
6 2 35
6 2 36
6 2 37
6 2 38
6 2 39
6 2 40
6 2 41
6 2 42
6 2 43
6 2 44
6 2 45
6 2 46
6 2 47
6 2 48
6 2 49
6 2 50
6 2 51
6 2 52
6 2 53
6 2 54
6 2 55
6 2 56
6 2 57
6 2 58
6 2 59
6 2 60
6 2 61
6 2 62
6 2 63
6 2 64
6 3 1
6 3 2
6 3 3
6 3 4
6 3 5
6 3 6
6 3 7
6 3 8
6 3 9
6 3 10
6 3 11
6 3 12
6 3 13
6 3 14
6 3 15
6 3 16
6 3 17
6 3 18
6 3 19
6 3 20
6 3 21
6 3 22
6 3 23
6 3 24
6 3 25
6 3 26
6 3 27
6 3 28
6 3 29
6 3 30
6 3 31
6 3 32
6 3 33
6 3 34
6 3 35
6 3 36
6 3 37
6 3 38
6 3 39
6 3 40
6 3 41
6 3 42
6 3 43
6 3 44
6 3 45
6 3 46
6 3 47
6 3 48
6 3 49
6 3 50
6 3 51
6 3 52
6 3 53
6 3 54
6 3 55
6 3 56
6 3 57
6 3 58
6 3 59
6 3 60
6 3 61
6 3 62
6 3 63
6 3 64
6 4 1
6 4 2
6 4 3
6 4 4
6 4 5
6 4 6
6 4 7
6 4 8
6 4 9
6 4 10
6 4 11
6 4 12
6 4 13
6 4 14
6 4 15
6 4 16
6 4 17
6 4 18
6 4 19
6 4 20
6 4 21
6 4 22
6 4 23
6 4 24
6 4 25
6 4 26
6 4 27
6 4 28
6 4 29
6 4 30
6 4 31
6 4 32
6 4 33
6 4 34
6 4 35
6 4 36
6 4 37
6 4 38
6 4 39
6 4 40
6 4 41
6 4 42
6 4 43
6 4 44
6 4 45
6 4 46
6 4 47
6 4 48
6 4 49
6 4 50
6 4 51
6 4 52
6 4 53
6 4 54
6 4 55
6 4 56
6 4 57
6 4 58
6 4 59
6 4 60
6 4 61
6 4 62
6 4 63
6 4 64
6 5 1
6 5 2
6 5 3
6 5 4
6 5 5
6 5 6
6 5 7
6 5 8
6 5 9
6 5 10
6 5 11
6 5 12
6 5 13
6 5 14
6 5 15
6 5 16
6 5 17
6 5 18
6 5 19
6 5 20
6 5 21
6 5 22
6 5 23
6 5 24
6 5 25
6 5 26
6 5 27
6 5 28
6 5 29
6 5 30
6 5 31
6 5 32
6 5 33
6 5 34
6 5 35
6 5 36
6 5 37
6 5 38
6 5 39
6 5 40
6 5 41
6 5 42
6 5 43
6 5 44
6 5 45
6 5 46
6 5 47
6 5 48
6 5 49
6 5 50
6 5 51
6 5 52
6 5 53
6 5 54
6 5 55
6 5 56
6 5 57
6 5 58
6 5 59
6 5 60
6 5 61
6 5 62
6 5 63
6 5 64
6 6 1
6 6 2
6 6 3
6 6 4
6 6 5
6 6 6
6 6 7
6 6 8
6 6 9
6 6 10
6 6 11
6 6 12
6 6 13
6 6 14
6 6 15
6 6 16
6 6 17
6 6 18
6 6 19
6 6 20
6 6 21
6 6 22
6 6 23
6 6 24
6 6 25
6 6 26
6 6 27
6 6 28
6 6 29
6 6 30
6 6 31
6 6 32
6 6 33
6 6 34
6 6 35
6 6 36
6 6 37
6 6 38
6 6 39
6 6 40
6 6 41
6 6 42
6 6 43
6 6 44
6 6 45
6 6 46
6 6 47
6 6 48
6 6 49
6 6 50
6 6 51
6 6 52
6 6 53
6 6 54
6 6 55
6 6 56
6 6 57
6 6 58
6 6 59
6 6 60
6 6 61
6 6 62
6 6 63
6 6 64
6 7 1
6 7 2
6 7 3
6 7 4
6 7 5
6 7 6
6 7 7
6 7 8
6 7 9
6 7 10
6 7 11
6 7 12
6 7 13
6 7 14
6 7 15
6 7 16
6 7 17
6 7 18
6 7 19
6 7 20
6 7 21
6 7 22
6 7 23
6 7 24
6 7 25
6 7 26
6 7 27
6 7 28
6 7 29
6 7 30
6 7 31
6 7 32
6 7 33
6 7 34
6 7 35
6 7 36
6 7 37
6 7 38
6 7 39
6 7 40
6 7 41
6 7 42
6 7 43
6 7 44
6 7 45
6 7 46
6 7 47
6 7 48
6 7 49
6 7 50
6 7 51
6 7 52
6 7 53
6 7 54
6 7 55
6 7 56
6 7 57
6 7 58
6 7 59
6 7 60
6 7 61
6 7 62
6 7 63
6 7 64
6 8 1
6 8 2
6 8 3
6 8 4
6 8 5
6 8 6
6 8 7
6 8 8
6 8 9
6 8 10
6 8 11
6 8 12
6 8 13
6 8 14
6 8 15
6 8 16
6 8 17
6 8 18
6 8 19
6 8 20
6 8 21
6 8 22
6 8 23
6 8 24
6 8 25
6 8 26
6 8 27
6 8 28
6 8 29
6 8 30
6 8 31
6 8 32
6 8 33
6 8 34
6 8 35
6 8 36
6 8 37
6 8 38
6 8 39
6 8 40
6 8 41
6 8 42
6 8 43
6 8 44
6 8 45
6 8 46
6 8 47
6 8 48
6 8 49
6 8 50
6 8 51
6 8 52
6 8 53
6 8 54
6 8 55
6 8 56
6 8 57
6 8 58
6 8 59
6 8 60
6 8 61
6 8 62
6 8 63
6 8 64
7 1 1
7 1 2
7 1 3
7 1 4
7 1 5
7 1 6
7 1 7
7 1 8
7 1 9
7 1 10
7 1 11
7 1 12
7 1 13
7 1 14
7 1 15
7 1 16
7 1 17
7 1 18
7 1 19
7 1 20
7 1 21
7 1 22
7 1 23
7 1 24
7 1 25
7 1 26
7 1 27
7 1 28
7 1 29
7 1 30
7 1 31
7 1 32
7 1 33
7 1 34
7 1 35
7 1 36
7 1 37
7 1 38
7 1 39
7 1 40
7 1 41
7 1 42
7 1 43
7 1 44
7 1 45
7 1 46
7 1 47
7 1 48
7 1 49
7 1 50
7 1 51
7 1 52
7 1 53
7 1 54
7 1 55
7 1 56
7 1 57
7 1 58
7 1 59
7 1 60
7 1 61
7 1 62
7 1 63
7 1 64
7 2 1
7 2 2
7 2 3
7 2 4
7 2 5
7 2 6
7 2 7
7 2 8
7 2 9
7 2 10
7 2 11
7 2 12
7 2 13
7 2 14
7 2 15
7 2 16
7 2 17
7 2 18
7 2 19
7 2 20
7 2 21
7 2 22
7 2 23
7 2 24
7 2 25
7 2 26
7 2 27
7 2 28
7 2 29
7 2 30
7 2 31
7 2 32
7 2 33
7 2 34
7 2 35
7 2 36
7 2 37
7 2 38
7 2 39
7 2 40
7 2 41
7 2 42
7 2 43
7 2 44
7 2 45
7 2 46
7 2 47
7 2 48
7 2 49
7 2 50
7 2 51
7 2 52
7 2 53
7 2 54
7 2 55
7 2 56
7 2 57
7 2 58
7 2 59
7 2 60
7 2 61
7 2 62
7 2 63
7 2 64
7 3 1
7 3 2
7 3 3
7 3 4
7 3 5
7 3 6
7 3 7
7 3 8
7 3 9
7 3 10
7 3 11
7 3 12
7 3 13
7 3 14
7 3 15
7 3 16
7 3 17
7 3 18
7 3 19
7 3 20
7 3 21
7 3 22
7 3 23
7 3 24
7 3 25
7 3 26
7 3 27
7 3 28
7 3 29
7 3 30
7 3 31
7 3 32
7 3 33
7 3 34
7 3 35
7 3 36
7 3 37
7 3 38
7 3 39
7 3 40
7 3 41
7 3 42
7 3 43
7 3 44
7 3 45
7 3 46
7 3 47
7 3 48
7 3 49
7 3 50
7 3 51
7 3 52
7 3 53
7 3 54
7 3 55
7 3 56
7 3 57
7 3 58
7 3 59
7 3 60
7 3 61
7 3 62
7 3 63
7 3 64
7 4 1
7 4 2
7 4 3
7 4 4
7 4 5
7 4 6
7 4 7
7 4 8
7 4 9
7 4 10
7 4 11
7 4 12
7 4 13
7 4 14
7 4 15
7 4 16
7 4 17
7 4 18
7 4 19
7 4 20
7 4 21
7 4 22
7 4 23
7 4 24
7 4 25
7 4 26
7 4 27
7 4 28
7 4 29
7 4 30
7 4 31
7 4 32
7 4 33
7 4 34
7 4 35
7 4 36
7 4 37
7 4 38
7 4 39
7 4 40
7 4 41
7 4 42
7 4 43
7 4 44
7 4 45
7 4 46
7 4 47
7 4 48
7 4 49
7 4 50
7 4 51
7 4 52
7 4 53
7 4 54
7 4 55
7 4 56
7 4 57
7 4 58
7 4 59
7 4 60
7 4 61
7 4 62
7 4 63
7 4 64
7 5 1
7 5 2
7 5 3
7 5 4
7 5 5
7 5 6
7 5 7
7 5 8
7 5 9
7 5 10
7 5 11
7 5 12
7 5 13
7 5 14
7 5 15
7 5 16
7 5 17
7 5 18
7 5 19
7 5 20
7 5 21
7 5 22
7 5 23
7 5 24
7 5 25
7 5 26
7 5 27
7 5 28
7 5 29
7 5 30
7 5 31
7 5 32
7 5 33
7 5 34
7 5 35
7 5 36
7 5 37
7 5 38
7 5 39
7 5 40
7 5 41
7 5 42
7 5 43
7 5 44
7 5 45
7 5 46
7 5 47
7 5 48
7 5 49
7 5 50
7 5 51
7 5 52
7 5 53
7 5 54
7 5 55
7 5 56
7 5 57
7 5 58
7 5 59
7 5 60
7 5 61
7 5 62
7 5 63
7 5 64
7 6 1
7 6 2
7 6 3
7 6 4
7 6 5
7 6 6
7 6 7
7 6 8
7 6 9
7 6 10
7 6 11
7 6 12
7 6 13
7 6 14
7 6 15
7 6 16
7 6 17
7 6 18
7 6 19
7 6 20
7 6 21
7 6 22
7 6 23
7 6 24
7 6 25
7 6 26
7 6 27
7 6 28
7 6 29
7 6 30
7 6 31
7 6 32
7 6 33
7 6 34
7 6 35
7 6 36
7 6 37
7 6 38
7 6 39
7 6 40
7 6 41
7 6 42
7 6 43
7 6 44
7 6 45
7 6 46
7 6 47
7 6 48
7 6 49
7 6 50
7 6 51
7 6 52
7 6 53
7 6 54
7 6 55
7 6 56
7 6 57
7 6 58
7 6 59
7 6 60
7 6 61
7 6 62
7 6 63
7 6 64
7 7 1
7 7 2
7 7 3
7 7 4
7 7 5
7 7 6
7 7 7
7 7 8
7 7 9
7 7 10
7 7 11
7 7 12
7 7 13
7 7 14
7 7 15
7 7 16
7 7 17
7 7 18
7 7 19
7 7 20
7 7 21
7 7 22
7 7 23
7 7 24
7 7 25
7 7 26
7 7 27
7 7 28
7 7 29
7 7 30
7 7 31
7 7 32
7 7 33
7 7 34
7 7 35
7 7 36
7 7 37
7 7 38
7 7 39
7 7 40
7 7 41
7 7 42
7 7 43
7 7 44
7 7 45
7 7 46
7 7 47
7 7 48
7 7 49
7 7 50
7 7 51
7 7 52
7 7 53
7 7 54
7 7 55
7 7 56
7 7 57
7 7 58
7 7 59
7 7 60
7 7 61
7 7 62
7 7 63
7 7 64
7 8 1
7 8 2
7 8 3
7 8 4
7 8 5
7 8 6
7 8 7
7 8 8
7 8 9
7 8 10
7 8 11
7 8 12
7 8 13
7 8 14
7 8 15
7 8 16
7 8 17
7 8 18
7 8 19
7 8 20
7 8 21
7 8 22
7 8 23
7 8 24
7 8 25
7 8 26
7 8 27
7 8 28
7 8 29
7 8 30
7 8 31
7 8 32
7 8 33
7 8 34
7 8 35
7 8 36
7 8 37
7 8 38
7 8 39
7 8 40
7 8 41
7 8 42
7 8 43
7 8 44
7 8 45
7 8 46
7 8 47
7 8 48
7 8 49
7 8 50
7 8 51
7 8 52
7 8 53
7 8 54
7 8 55
7 8 56
7 8 57
7 8 58
7 8 59
7 8 60
7 8 61
7 8 62
7 8 63
7 8 64
8 1 1
8 1 2
8 1 3
8 1 4
8 1 5
8 1 6
8 1 7
8 1 8
8 1 9
8 1 10
8 1 11
8 1 12
8 1 13
8 1 14
8 1 15
8 1 16
8 1 17
8 1 18
8 1 19
8 1 20
8 1 21
8 1 22
8 1 23
8 1 24
8 1 25
8 1 26
8 1 27
8 1 28
8 1 29
8 1 30
8 1 31
8 1 32
8 1 33
8 1 34
8 1 35
8 1 36
8 1 37
8 1 38
8 1 39
8 1 40
8 1 41
8 1 42
8 1 43
8 1 44
8 1 45
8 1 46
8 1 47
8 1 48
8 1 49
8 1 50
8 1 51
8 1 52
8 1 53
8 1 54
8 1 55
8 1 56
8 1 57
8 1 58
8 1 59
8 1 60
8 1 61
8 1 62
8 1 63
8 1 64
8 2 1
8 2 2
8 2 3
8 2 4
8 2 5
8 2 6
8 2 7
8 2 8
8 2 9
8 2 10
8 2 11
8 2 12
8 2 13
8 2 14
8 2 15
8 2 16
8 2 17
8 2 18
8 2 19
8 2 20
8 2 21
8 2 22
8 2 23
8 2 24
8 2 25
8 2 26
8 2 27
8 2 28
8 2 29
8 2 30
8 2 31
8 2 32
8 2 33
8 2 34
8 2 35
8 2 36
8 2 37
8 2 38
8 2 39
8 2 40
8 2 41
8 2 42
8 2 43
8 2 44
8 2 45
8 2 46
8 2 47
8 2 48
8 2 49
8 2 50
8 2 51
8 2 52
8 2 53
8 2 54
8 2 55
8 2 56
8 2 57
8 2 58
8 2 59
8 2 60
8 2 61
8 2 62
8 2 63
8 2 64
8 3 1
8 3 2
8 3 3
8 3 4
8 3 5
8 3 6
8 3 7
8 3 8
8 3 9
8 3 10
8 3 11
8 3 12
8 3 13
8 3 14
8 3 15
8 3 16
8 3 17
8 3 18
8 3 19
8 3 20
8 3 21
8 3 22
8 3 23
8 3 24
8 3 25
8 3 26
8 3 27
8 3 28
8 3 29
8 3 30
8 3 31
8 3 32
8 3 33
8 3 34
8 3 35
8 3 36
8 3 37
8 3 38
8 3 39
8 3 40
8 3 41
8 3 42
8 3 43
8 3 44
8 3 45
8 3 46
8 3 47
8 3 48
8 3 49
8 3 50
8 3 51
8 3 52
8 3 53
8 3 54
8 3 55
8 3 56
8 3 57
8 3 58
8 3 59
8 3 60
8 3 61
8 3 62
8 3 63
8 3 64
8 4 1
8 4 2
8 4 3
8 4 4
8 4 5
8 4 6
8 4 7
8 4 8
8 4 9
8 4 10
8 4 11
8 4 12
8 4 13
8 4 14
8 4 15
8 4 16
8 4 17
8 4 18
8 4 19
8 4 20
8 4 21
8 4 22
8 4 23
8 4 24
8 4 25
8 4 26
8 4 27
8 4 28
8 4 29
8 4 30
8 4 31
8 4 32
8 4 33
8 4 34
8 4 35
8 4 36
8 4 37
8 4 38
8 4 39
8 4 40
8 4 41
8 4 42
8 4 43
8 4 44
8 4 45
8 4 46
8 4 47
8 4 48
8 4 49
8 4 50
8 4 51
8 4 52
8 4 53
8 4 54
8 4 55
8 4 56
8 4 57
8 4 58
8 4 59
8 4 60
8 4 61
8 4 62
8 4 63
8 4 64
8 5 1
8 5 2
8 5 3
8 5 4
8 5 5
8 5 6
8 5 7
8 5 8
8 5 9
8 5 10
8 5 11
8 5 12
8 5 13
8 5 14
8 5 15
8 5 16
8 5 17
8 5 18
8 5 19
8 5 20
8 5 21
8 5 22
8 5 23
8 5 24
8 5 25
8 5 26
8 5 27
8 5 28
8 5 29
8 5 30
8 5 31
8 5 32
8 5 33
8 5 34
8 5 35
8 5 36
8 5 37
8 5 38
8 5 39
8 5 40
8 5 41
8 5 42
8 5 43
8 5 44
8 5 45
8 5 46
8 5 47
8 5 48
8 5 49
8 5 50
8 5 51
8 5 52
8 5 53
8 5 54
8 5 55
8 5 56
8 5 57
8 5 58
8 5 59
8 5 60
8 5 61
8 5 62
8 5 63
8 5 64
8 6 1
8 6 2
8 6 3
8 6 4
8 6 5
8 6 6
8 6 7
8 6 8
8 6 9
8 6 10
8 6 11
8 6 12
8 6 13
8 6 14
8 6 15
8 6 16
8 6 17
8 6 18
8 6 19
8 6 20
8 6 21
8 6 22
8 6 23
8 6 24
8 6 25
8 6 26
8 6 27
8 6 28
8 6 29
8 6 30
8 6 31
8 6 32
8 6 33
8 6 34
8 6 35
8 6 36
8 6 37
8 6 38
8 6 39
8 6 40
8 6 41
8 6 42
8 6 43
8 6 44
8 6 45
8 6 46
8 6 47
8 6 48
8 6 49
8 6 50
8 6 51
8 6 52
8 6 53
8 6 54
8 6 55
8 6 56
8 6 57
8 6 58
8 6 59
8 6 60
8 6 61
8 6 62
8 6 63
8 6 64
8 7 1
8 7 2
8 7 3
8 7 4
8 7 5
8 7 6
8 7 7
8 7 8
8 7 9
8 7 10
8 7 11
8 7 12
8 7 13
8 7 14
8 7 15
8 7 16
8 7 17
8 7 18
8 7 19
8 7 20
8 7 21
8 7 22
8 7 23
8 7 24
8 7 25
8 7 26
8 7 27
8 7 28
8 7 29
8 7 30
8 7 31
8 7 32
8 7 33
8 7 34
8 7 35
8 7 36
8 7 37
8 7 38
8 7 39
8 7 40
8 7 41
8 7 42
8 7 43
8 7 44
8 7 45
8 7 46
8 7 47
8 7 48
8 7 49
8 7 50
8 7 51
8 7 52
8 7 53
8 7 54
8 7 55
8 7 56
8 7 57
8 7 58
8 7 59
8 7 60
8 7 61
8 7 62
8 7 63
8 7 64
8 8 1
8 8 2
8 8 3
8 8 4
8 8 5
8 8 6
8 8 7
8 8 8
8 8 9
8 8 10
8 8 11
8 8 12
8 8 13
8 8 14
8 8 15
8 8 16
8 8 17
8 8 18
8 8 19
8 8 20
8 8 21
8 8 22
8 8 23
8 8 24
8 8 25
8 8 26
8 8 27
8 8 28
8 8 29
8 8 30
8 8 31
8 8 32
8 8 33
8 8 34
8 8 35
8 8 36
8 8 37
8 8 38
8 8 39
8 8 40
8 8 41
8 8 42
8 8 43
8 8 44
8 8 45
8 8 46
8 8 47
8 8 48
8 8 49
8 8 50
8 8 51
8 8 52
8 8 53
8 8 54
8 8 55
8 8 56
8 8 57
8 8 58
8 8 59
8 8 60
8 8 61
8 8 62
8 8 63
8 8 64